0.00000000e+00 9.00000000e+01 9.00000000e+01 9.00000000e+01 0.00000000e+00 0.00000000e+00 8.00000000e+01
1.00000000e+00 9.04546487e+01 9.04546487e+01 9.04546487e+01 1.45464871e+00 5.09593768e-01 8.04546487e+01
2.00000000e+00 8.96215988e+01 8.96215988e+01 8.96215988e+01 1.62159875e+00 -2.68511138e-01 7.96215988e+01
3.00000000e+00 8.98602923e+01 8.98602923e+01 8.98602923e+01 2.86029225e+00 2.51274157e-02 7.98602923e+01
4.00000000e+00 9.04946791e+01 9.04946791e+01 9.04946791e+01 4.49467912e+00 7.14459343e-01 8.04946791e+01
5.00000000e+00 8.97279894e+01 8.97279894e+01 8.97279894e+01 4.72798944e+00 2.71471928e-03 7.97279894e+01
6.00000000e+00 8.97317135e+01 8.97317135e+01 8.97317135e+01 5.73171354e+00 6.13838707e-02 7.97317135e+01
7.00000000e+00 9.04953037e+01 9.04953037e+01 9.04953037e+01 7.49530368e+00 8.79919062e-01 8.04953037e+01
8.00000000e+00 8.98560483e+01 8.98560483e+01 8.98560483e+01 7.85604834e+00 2.95608781e-01 7.98560483e+01
9.00000000e+00 8.96245064e+01 8.96245064e+01 8.96245064e+01 8.62450638e+00 1.19011871e-01 7.96245064e+01
1.00000000e+01 9.04564726e+01 9.04564726e+01 9.04564726e+01 1.04564726e+01 1.00592317e+00 8.04564726e+01
1.10000000e+01 8.99955743e+01 8.99955743e+01 8.99955743e+01 1.09955743e+01 5.99969950e-01 7.99955743e+01
1.20000000e+01 8.95472108e+01 8.95472108e+01 8.95472108e+01 1.15472108e+01 2.06551478e-01 7.95472108e+01
1.30000000e+01 9.03812792e+01 9.03812792e+01 9.03812792e+01 1.33812792e+01 1.09556494e+00 8.03812792e+01
1.40000000e+01 9.01354529e+01 9.01354529e+01 9.01354529e+01 1.41354529e+01 9.04683663e-01 8.01354529e+01
1.50000000e+01 8.95059842e+01 8.95059842e+01 8.95059842e+01 1.45059842e+01 3.30160012e-01 7.95059842e+01
1.60000000e+01 9.02757133e+01 9.02757133e+01 9.02757133e+01 1.62757133e+01 1.15483422e+00 8.02757133e+01
1.70000000e+01 9.02645413e+01 9.02645413e+01 9.02645413e+01 1.72645413e+01 1.19860728e+00 8.02645413e+01
1.80000000e+01 8.95041106e+01 8.95041106e+01 8.95041106e+01 1.75041106e+01 4.93121562e-01 7.95041106e+01
1.90000000e+01 9.01481843e+01 9.01481843e+01 9.01481843e+01 1.91481843e+01 1.19214033e+00 8.01481843e+01
2.00000000e+01 9.03725566e+01 9.03725566e+01 9.03725566e+01 2.03725566e+01 1.47145768e+00 8.03725566e+01
2.10000000e+01 8.95417392e+01 8.95417392e+01 8.95417392e+01 2.05417392e+01 6.95585380e-01 7.95417392e+01
2.20000000e+01 9.00088510e+01 9.00088510e+01 9.00088510e+01 2.20088510e+01 1.21764217e+00 8.00088510e+01
2.30000000e+01 9.04508942e+01 9.04508942e+01 9.04508942e+01 2.34508942e+01 1.71463044e+00 8.04508942e+01
2.40000000e+01 8.96158727e+01 8.96158727e+01 8.96158727e+01 2.36158727e+01 9.34553988e-01 7.96158727e+01
2.50000000e+01 8.98688126e+01 8.98688126e+01 8.98688126e+01 2.48688126e+01 1.24243895e+00 7.98688126e+01
2.60000000e+01 9.04933138e+01 9.04933138e+01 9.04933138e+01 2.64933138e+01 1.92188522e+00 8.04933138e+01
2.70000000e+01 8.97206055e+01 8.97206055e+01 8.97206055e+01 2.67206055e+01 1.20412196e+00 7.97206055e+01
2.80000000e+01 8.97392245e+01 8.97392245e+01 8.97392245e+01 2.77392245e+01 1.27768604e+00 7.97392245e+01
2.90000000e+01 9.04964363e+01 9.04964363e+01 9.04964363e+01 2.94964363e+01 2.08984292e+00 8.04964363e+01
3.00000000e+01 8.98475947e+01 8.98475947e+01 8.98475947e+01 2.98475947e+01 1.49594634e+00 7.98475947e+01
3.10000000e+01 8.96304097e+01 8.96304097e+01 8.96304097e+01 3.06304097e+01 1.33370635e+00 7.96304097e+01
3.20000000e+01 9.04600130e+01 9.04600130e+01 9.04600130e+01 3.24600130e+01 2.21825478e+00 8.04600130e+01
3.30000000e+01 8.99867244e+01 8.99867244e+01 8.99867244e+01 3.29867244e+01 1.79991124e+00 7.99867244e+01
3.40000000e+01 8.95510362e+01 8.95510362e+01 8.95510362e+01 3.35510362e+01 1.41916803e+00 7.95510362e+01
3.50000000e+01 9.03869453e+01 9.03869453e+01 9.03869453e+01 3.53869453e+01 2.31002226e+00 8.03869453e+01
3.60000000e+01 9.01269117e+01 9.01269117e+01 9.01269117e+01 3.61269117e+01 2.10493366e+00 8.01269117e+01
3.70000000e+01 8.95074269e+01 8.95074269e+01 8.95074269e+01 3.65074269e+01 1.54039390e+00 7.95074269e+01
3.80000000e+01 9.02830538e+01 9.02830538e+01 9.02830538e+01 3.82830538e+01 2.37096591e+00 8.02830538e+01
3.90000000e+01 9.02569892e+01 9.02569892e+01 9.02569892e+01 3.92569892e+01 2.39984637e+00 8.02569892e+01
4.00000000e+01 8.95030557e+01 8.95030557e+01 8.95030557e+01 3.95030557e+01 1.70085787e+00 7.95030557e+01
4.10000000e+01 9.01566144e+01 9.01566144e+01 9.01566144e+01 4.11566144e+01 2.40936164e+00 8.01566144e+01
4.20000000e+01 9.03665952e+01 9.03665952e+01 9.03665952e+01 4.23665952e+01 2.67428747e+00 8.03665952e+01
4.30000000e+01 8.95382708e+01 8.95382708e+01 8.95382708e+01 4.25382708e+01 1.90090814e+00 7.95382708e+01
4.40000000e+01 9.00176992e+01 9.00176992e+01 9.00176992e+01 4.40176992e+01 2.43528157e+00 8.00176992e+01
4.50000000e+01 9.04469983e+01 9.04469983e+01 9.04469983e+01 4.54469983e+01 2.91952580e+00 8.04469983e+01
4.60000000e+01 8.96102670e+01 8.96102670e+01 8.96102670e+01 4.56102670e+01 2.13773949e+00 7.96102670e+01
4.70000000e+01 8.98773740e+01 8.98773740e+01 8.98773740e+01 4.68773740e+01 2.45979159e+00 7.98773740e+01
4.80000000e+01 9.04917939e+01 9.04917939e+01 9.04917939e+01 4.84917939e+01 3.12915651e+00 8.04917939e+01
4.90000000e+01 8.97133091e+01 8.97133091e+01 8.97133091e+01 4.87133091e+01 2.40561676e+00 7.97133091e+01
5.00000000e+01 8.97468172e+01 8.97468172e+01 8.97468172e+01 4.97468172e+01 2.49406993e+00 7.97468172e+01
5.10000000e+01 9.04974134e+01 9.04974134e+01 9.04974134e+01 5.14974134e+01 3.29961120e+00 8.04974134e+01
5.20000000e+01 8.98391888e+01 8.98391888e+01 8.98391888e+01 5.18391888e+01 2.69633166e+00 7.98391888e+01
5.30000000e+01 8.96364287e+01 8.96364287e+01 8.96364287e+01 5.26364287e+01 2.54851666e+00 7.96364287e+01
5.40000000e+01 9.04634093e+01 9.04634093e+01 9.04634093e+01 5.44634093e+01 3.43044222e+00 8.04634093e+01
5.50000000e+01 8.99778787e+01 8.99778787e+01 8.99778787e+01 5.49778787e+01 2.99985668e+00 7.99778787e+01
5.60000000e+01 8.95550022e+01 8.95550022e+01 8.95550022e+01 5.55550022e+01 2.63192527e+00 7.95550022e+01
5.70000000e+01 9.03924902e+01 9.03924902e+01 9.03924902e+01 5.73924902e+01 3.52435833e+00 8.03924902e+01
5.80000000e+01 9.01183307e+01 9.01183307e+01 9.01183307e+01 5.81183307e+01 3.30514388e+00 8.01183307e+01
5.90000000e+01 8.95090239e+01 8.95090239e+01 8.95090239e+01 5.85090239e+01 2.75078216e+00 7.95090239e+01
6.00000000e+01 9.02903056e+01 9.02903056e+01 9.02903056e+01 6.02903056e+01 3.58700889e+00 8.02903056e+01
6.10000000e+01 9.02493566e+01 9.02493566e+01 9.02493566e+01 6.12493566e+01 3.60100493e+00 8.02493566e+01
6.20000000e+01 8.95021565e+01 8.95021565e+01 8.95021565e+01 6.15021565e+01 2.90874991e+00 7.95021565e+01
6.30000000e+01 9.01649954e+01 9.01649954e+01 9.01649954e+01 6.31649954e+01 3.62653387e+00 8.01649954e+01
6.40000000e+01 9.03605189e+01 9.03605189e+01 9.03605189e+01 6.43605189e+01 3.87700237e+00 8.03605189e+01
6.50000000e+01 8.95349470e+01 8.95349470e+01 8.95349470e+01 6.45349470e+01 3.10637560e+00 7.95349470e+01
6.60000000e+01 9.00265418e+01 9.00265418e+01 9.00265418e+01 6.60265418e+01 3.65291542e+00 8.00265418e+01
6.70000000e+01 9.04429624e+01 9.04429624e+01 9.04429624e+01 6.74429624e+01 4.12428109e+00 8.04429624e+01
6.80000000e+01 8.96047834e+01 8.96047834e+01 8.96047834e+01 6.76047834e+01 3.34104713e+00 7.96047834e+01
6.90000000e+01 8.98859739e+01 8.98859739e+01 8.98859739e+01 6.88859739e+01 3.67718266e+00 7.98859739e+01
7.00000000e+01 9.04901198e+01 9.04901198e+01 9.04901198e+01 7.04901198e+01 4.33627368e+00 8.04901198e+01
7.10000000e+01 8.97061025e+01 8.97061025e+01 8.97061025e+01 7.07061025e+01 3.60720140e+00 7.97061025e+01
7.20000000e+01 8.97544892e+01 8.97544892e+01 8.97544892e+01 7.17544892e+01 3.71053316e+00 7.97544892e+01
7.30000000e+01 9.04982346e+01 9.04982346e+01 9.04982346e+01 7.34982346e+01 4.50922360e+00 8.04982346e+01
7.40000000e+01 8.98308333e+01 8.98308333e+01 8.98308333e+01 7.38308333e+01 3.89676737e+00 7.98308333e+01
7.50000000e+01 8.96425618e+01 8.96425618e+01 8.96425618e+01 7.46425618e+01 3.76344091e+00 7.96425618e+01
7.60000000e+01 9.04666603e+01 9.04666603e+01 9.04666603e+01 7.64666603e+01 4.64248444e+00 8.04666603e+01
7.70000000e+01 8.99690398e+01 8.99690398e+01 8.99690398e+01 7.69690398e+01 4.19980906e+00 7.99690398e+01
7.80000000e+01 8.95591077e+01 8.95591077e+01 8.95591077e+01 7.75591077e+01 3.84482198e+00 7.95591077e+01
7.90000000e+01 9.03979120e+01 9.03979120e+01 9.03979120e+01 7.93979120e+01 4.73857139e+00 8.03979120e+01
8.00000000e+01 9.01097126e+01 9.01097126e+01 9.01097126e+01 8.01097126e+01 4.50531702e+00 8.01097126e+01
8.10000000e+01 8.95107748e+01 8.95107748e+01 8.95107748e+01 8.05107748e+01 3.96132428e+00 7.95107748e+01
8.20000000e+01 9.02974664e+01 9.02974664e+01 9.02974664e+01 8.22974664e+01 4.80296089e+00 8.02974664e+01
8.30000000e+01 9.02416458e+01 9.02416458e+01 9.02416458e+01 8.32416458e+01 4.80208534e+00 8.02416458e+01
8.40000000e+01 8.95014134e+01 8.95014134e+01 8.95014134e+01 8.35014134e+01 4.11679797e+00 7.95014134e+01
8.50000000e+01 9.01733247e+01 9.01733247e+01 9.01733247e+01 8.51733247e+01 4.84365440e+00 8.01733247e+01
8.60000000e+01 9.03543296e+01 9.03543296e+01 9.03543296e+01 8.63543296e+01 5.07960430e+00 8.03543296e+01
8.70000000e+01 8.95317690e+01 8.95317690e+01 8.95317690e+01 8.65317690e+01 4.31198879e+00 7.95317690e+01
8.80000000e+01 9.00353761e+01 9.00353761e+01 9.00353761e+01 8.80353761e+01 4.87054095e+00 8.00353761e+01
8.90000000e+01 9.04387877e+01 9.04387877e+01 9.04387877e+01 8.94387877e+01 5.32889756e+00 8.04387877e+01
9.00000000e+01 8.95994237e+01 8.95994237e+01 8.95994237e+01 8.95994237e+01 4.54447863e+00 7.95994237e+01
9.10000000e+01 8.98946095e+01 8.98946095e+01 8.98946095e+01 9.08946095e+01 4.89460947e+00 7.98946095e+01
9.20000000e+01 9.04882922e+01 9.04882922e+01 9.04882922e+01 9.24882922e+01 5.54323725e+00 8.04882922e+01
9.30000000e+01 8.96989880e+01 8.96989880e+01 8.96989880e+01 9.26989880e+01 4.80887814e+00 7.96989880e+01
9.40000000e+01 8.97622382e+01 8.97622382e+01 8.97622382e+01 9.37622382e+01 4.92707333e+00 7.97622382e+01
9.50000000e+01 9.04988996e+01 9.04988996e+01 9.04988996e+01 9.54988996e+01 5.71867986e+00 8.04988996e+01
9.60000000e+01 8.98225308e+01 8.98225308e+01 8.98225308e+01 9.58225308e+01 5.09725610e+00 7.98225308e+01
9.70000000e+01 8.96488068e+01 8.96488068e+01 8.96488068e+01 9.66488068e+01 4.97847717e+00 7.96488068e+01
9.80000000e+01 9.04697650e+01 9.04697650e+01 9.04697650e+01 9.84697650e+01 5.85438041e+00 8.04697650e+01
9.90000000e+01 8.99602107e+01 8.99602107e+01 8.99602107e+01 9.89602107e+01 5.39977114e+00 7.99602107e+01
1.00000000e+02 8.95633514e+01 8.95633514e+01 8.95633514e+01 9.95633514e+01 5.05785685e+00 7.95633514e+01
1.01000000e+02 9.04032092e+01 9.04032092e+01 9.04032092e+01 1.01403209e+02 5.95265975e+00 8.04032092e+01
1.02000000e+02 9.01010602e+01 9.01010602e+01 9.01010602e+01 1.02101060e+02 5.70545578e+00 8.01010602e+01
1.03000000e+02 8.95126790e+01 8.95126790e+01 8.95126790e+01 1.02512679e+02 5.17201971e+00 7.95126790e+01
1.04000000e+02 9.03045340e+01 9.03045340e+01 9.03045340e+01 1.04304534e+02 6.01881968e+00 8.03045340e+01
1.05000000e+02 9.02338593e+01 9.02338593e+01 9.02338593e+01 1.05233859e+02 6.00309003e+00 8.02338593e+01
1.06000000e+02 8.95008265e+01 8.95008265e+01 8.95008265e+01 1.05500826e+02 5.32500228e+00 7.95008265e+01
1.07000000e+02 9.01815997e+01 9.01815997e+01 9.01815997e+01 1.07181600e+02 6.06072060e+00 8.01815997e+01
1.08000000e+02 9.03480292e+01 9.03480292e+01 9.03480292e+01 1.08348029e+02 6.28209518e+00 8.03480292e+01
1.09000000e+02 8.95287377e+01 8.95287377e+01 8.95287377e+01 1.08528738e+02 5.51774873e+00 7.95287377e+01
1.10000000e+02 9.00441994e+01 9.00441994e+01 9.00441994e+01 1.10044199e+02 6.08815540e+00 8.00441994e+01
1.11000000e+02 9.04344754e+01 9.04344754e+01 9.04344754e+01 1.11434475e+02 6.53337652e+00 8.04344754e+01
1.12000000e+02 8.95941895e+01 8.95941895e+01 8.95941895e+01 1.11594190e+02 5.74803566e+00 7.95941895e+01
1.13000000e+02 8.99032781e+01 8.99032781e+01 8.99032781e+01 1.12903278e+02 6.11206930e+00 7.99032781e+01
1.14000000e+02 9.04863115e+01 9.04863115e+01 9.04863115e+01 1.14486312e+02 6.75004779e+00 8.04863115e+01
1.15000000e+02 8.96919679e+01 8.96919679e+01 8.96919679e+01 1.14691968e+02 6.01064922e+00 7.96919679e+01
1.16000000e+02 8.97700616e+01 8.97700616e+01 8.97700616e+01 1.15770062e+02 6.14368801e+00 7.97700616e+01
1.17000000e+02 9.04994083e+01 9.04994083e+01 9.04994083e+01 1.17499408e+02 6.92797977e+00 8.04994083e+01
1.18000000e+02 8.98142840e+01 8.98142840e+01 8.98142840e+01 1.17814284e+02 6.29780044e+00 7.98142840e+01
1.19000000e+02 8.96551619e+01 8.96551619e+01 8.96551619e+01 1.18655162e+02 6.19362348e+00 7.96551619e+01
1.20000000e+02 9.04727226e+01 9.04727226e+01 9.04727226e+01 1.20472723e+02 7.06612917e+00 8.04727226e+01
1.21000000e+02 8.99513940e+01 8.99513940e+01 8.99513940e+01 1.20951394e+02 6.59974569e+00 7.99513940e+01
1.22000000e+02 8.95677319e+01 8.95677319e+01 8.95677319e+01 1.21567732e+02 6.27102855e+00 7.95677319e+01
1.23000000e+02 9.04083800e+01 9.04083800e+01 9.04083800e+01 1.23408380e+02 7.16662176e+00 8.04083800e+01
1.24000000e+02 9.00923761e+01 9.00923761e+01 9.00923761e+01 1.24092376e+02 6.90556287e+00 8.00923761e+01
1.25000000e+02 8.95147360e+01 8.95147360e+01 8.95147360e+01 1.24514736e+02 6.38286786e+00 7.95147360e+01
1.26000000e+02 9.03115061e+01 9.03115061e+01 9.03115061e+01 1.26311506e+02 7.23458303e+00 8.03115061e+01
1.27000000e+02 9.02259994e+01 9.02259994e+01 9.02259994e+01 1.27225999e+02 7.20402143e+00 8.02259994e+01
1.28000000e+02 8.95003960e+01 8.95003960e+01 8.95003960e+01 1.27500396e+02 6.53336302e+00 7.95003960e+01
1.29000000e+02 9.01898178e+01 9.01898178e+01 9.01898178e+01 1.29189818e+02 7.27772990e+00 8.01898178e+01
1.30000000e+02 9.03416199e+01 9.03416199e+01 9.03416199e+01 1.30341620e+02 7.48447699e+00 8.03416199e+01
1.31000000e+02 8.95258541e+01 8.95258541e+01 8.95258541e+01 1.30525854e+02 6.72365634e+00 7.95258541e+01
1.32000000e+02 9.00530087e+01 9.00530087e+01 9.00530087e+01 1.32053009e+02 7.30575600e+00 8.00530087e+01
1.33000000e+02 9.04300270e+01 9.04300270e+01 9.04300270e+01 1.33430027e+02 7.73771932e+00 8.04300270e+01
1.34000000e+02 8.95890825e+01 8.95890825e+01 8.95890825e+01 1.33589082e+02 6.95171986e+00 7.95890825e+01
1.35000000e+02 8.99119770e+01 8.99119770e+01 8.99119770e+01 1.34911977e+02 7.32955944e+00 7.99119770e+01
1.36000000e+02 9.04841785e+01 9.04841785e+01 9.04841785e+01 1.36484178e+02 7.95670594e+00 8.04841785e+01
1.37000000e+02 8.96850443e+01 8.96850443e+01 8.96850443e+01 1.36685044e+02 7.21251682e+00 7.96850443e+01
1.38000000e+02 8.97779572e+01 8.97779572e+01 8.97779572e+01 1.37777957e+02 7.36037475e+00 7.97779572e+01
1.39000000e+02 9.04997605e+01 9.04997605e+01 9.04997605e+01 1.39499761e+02 8.13712318e+00 8.04997605e+01
1.40000000e+02 8.98060953e+01 8.98060953e+01 8.98060953e+01 1.39806095e+02 7.49840298e+00 7.98060953e+01
1.41000000e+02 8.96616251e+01 8.96616251e+01 8.96616251e+01 1.40661625e+02 7.40887786e+00 7.96616251e+01
1.42000000e+02 9.04755320e+01 9.04755320e+01 9.04755320e+01 1.42475532e+02 8.27772979e+00 8.04755320e+01
1.43000000e+02 8.99425926e+01 8.99425926e+01 8.99425926e+01 1.42942593e+02 7.79973548e+00 7.99425926e+01
1.44000000e+02 8.95722478e+01 8.95722478e+01 8.95722478e+01 1.43572248e+02 7.48433573e+00 7.95722478e+01
1.45000000e+02 9.04134228e+01 9.04134228e+01 9.04134228e+01 1.45413423e+02 8.38045578e+00 8.04134228e+01
1.46000000e+02 9.00836630e+01 9.00836630e+01 9.00836630e+01 1.46083663e+02 8.10564101e+00 8.00836630e+01
1.47000000e+02 8.95169450e+01 8.95169450e+01 8.95169450e+01 1.46516945e+02 7.59386808e+00 7.95169450e+01
1.48000000e+02 9.03183806e+01 9.03183806e+01 9.03183806e+01 1.48318381e+02 8.45024876e+00 8.03183806e+01
1.49000000e+02 9.02180688e+01 9.02180688e+01 9.02180688e+01 1.49218069e+02 8.40488200e+00 8.02180688e+01
1.50000000e+02 8.95001221e+01 8.95001221e+01 8.95001221e+01 1.49500122e+02 7.74188032e+00 7.95001221e+01
1.51000000e+02 9.01979764e+01 9.01979764e+01 9.01979764e+01 1.51197976e+02 8.49467971e+00 8.01979764e+01
1.52000000e+02 9.03351034e+01 9.03351034e+01 9.03351034e+01 1.52335103e+02 8.68675175e+00 8.03351034e+01
1.53000000e+02 8.95231191e+01 8.95231191e+01 8.95231191e+01 1.52523119e+02 7.92971255e+00 7.95231191e+01
1.54000000e+02 9.00618015e+01 9.00618015e+01 9.00618015e+01 1.54061802e+02 8.52333998e+00 8.00618015e+01
1.55000000e+02 9.04254438e+01 9.04254438e+01 9.04254438e+01 1.55425444e+02 8.94192736e+00 8.04254438e+01
1.56000000e+02 8.95841043e+01 8.95841043e+01 8.95841043e+01 1.55584104e+02 8.15553283e+00 7.95841043e+01
1.57000000e+02 8.99207035e+01 8.99207035e+01 8.99207035e+01 1.56920704e+02 8.54707717e+00 7.99207035e+01
1.58000000e+02 9.04818937e+01 9.04818937e+01 9.04818937e+01 1.58481894e+02 9.16321236e+00 8.04818937e+01
1.59000000e+02 8.96782194e+01 8.96782194e+01 8.96782194e+01 1.58678219e+02 8.41448313e+00 7.96782194e+01
1.60000000e+02 8.97859223e+01 8.97859223e+01 8.97859223e+01 1.59785922e+02 8.57713108e+00 7.97859223e+01
1.61000000e+02 9.04999561e+01 9.04999561e+01 9.04999561e+01 1.61499956e+02 9.34610998e+00 8.04999561e+01
1.62000000e+02 8.97979674e+01 8.97979674e+01 8.97979674e+01 1.61797967e+02 8.69906629e+00 7.97979674e+01
1.63000000e+02 8.96681943e+01 8.96681943e+01 8.96681943e+01 1.62668194e+02 8.62423829e+00 7.96681943e+01
1.64000000e+02 9.04781924e+01 9.04781924e+01 9.04781924e+01 1.64478192e+02 9.48918138e+00 8.04781924e+01
1.65000000e+02 8.99338092e+01 8.99338092e+01 8.99338092e+01 1.64933809e+02 8.99974325e+00 7.99338092e+01
1.66000000e+02 8.95768978e+01 8.95768978e+01 8.95768978e+01 1.65576898e+02 8.69777695e+00 7.95768978e+01
1.67000000e+02 9.04183361e+01 9.04183361e+01 9.04183361e+01 1.67418336e+02 9.59416025e+00 8.04183361e+01
1.68000000e+02 9.00749237e+01 9.00749237e+01 9.00749237e+01 1.68074924e+02 9.30569293e+00 8.00749237e+01
1.69000000e+02 8.95193054e+01 8.95193054e+01 8.95193054e+01 1.68519305e+02 8.80501969e+00 7.95193054e+01
1.70000000e+02 9.03251554e+01 9.03251554e+01 9.03251554e+01 1.70325155e+02 9.66581471e+00 8.03251554e+01
1.71000000e+02 9.02100698e+01 9.02100698e+01 9.02100698e+01 1.71210070e+02 9.60567424e+00 8.02100698e+01
1.72000000e+02 8.95000048e+01 8.95000048e+01 8.95000048e+01 1.71500005e+02 8.95055428e+00 7.95000048e+01
1.73000000e+02 9.02060730e+01 9.02060730e+01 9.02060730e+01 1.73206073e+02 9.71156748e+00 8.02060730e+01
1.74000000e+02 9.03284819e+01 9.03284819e+01 9.03284819e+01 1.74328482e+02 9.88892150e+00 8.03284819e+01
1.75000000e+02 8.95205336e+01 8.95205336e+01 8.95205336e+01 1.74520534e+02 9.13591820e+00 7.95205336e+01
1.76000000e+02 9.00705749e+01 9.00705749e+01 9.00705749e+01 1.76070575e+02 9.74090460e+00 8.00705749e+01
1.77000000e+02 9.04207273e+01 9.04207273e+01 9.04207273e+01 1.77420727e+02 1.01460021e+01 8.04207273e+01
1.78000000e+02 8.95792564e+01 8.95792564e+01 8.95792564e+01 1.77579256e+02 9.35947614e+00 7.95792564e+01
1.79000000e+02 8.99294549e+01 8.99294549e+01 8.99294549e+01 1.78929455e+02 9.76461975e+00 7.99294549e+01
1.80000000e+02 9.04794579e+01 9.04794579e+01 9.04794579e+01 1.80479458e+02 1.03695678e+01 8.04794579e+01
1.81000000e+02 8.96714953e+01 8.96714953e+01 8.96714953e+01 1.80671495e+02 9.61655028e+00 7.96714953e+01
1.82000000e+02 8.97939545e+01 8.97939545e+01 8.97939545e+01 1.81793954e+02 9.79395449e+00 7.97939545e+01
1.83000000e+02 9.04999950e+01 9.04999950e+01 9.04999950e+01 1.83499995e+02 1.05549401e+01 8.04999950e+01
1.84000000e+02 8.97899028e+01 8.97899028e+01 8.97899028e+01 1.83789903e+02 9.89979291e+00 7.97899028e+01
1.85000000e+02 8.96748675e+01 8.96748675e+01 8.96748675e+01 1.84674868e+02 9.83970270e+00 7.96748675e+01
1.86000000e+02 9.04807029e+01 9.04807029e+01 9.04807029e+01 1.86480703e+02 1.07004831e+01 8.04807029e+01
1.87000000e+02 8.99250465e+01 8.99250465e+01 8.99250465e+01 1.86925046e+02 1.01997718e+01 7.99250465e+01
1.88000000e+02 8.95816804e+01 8.95816804e+01 8.95816804e+01 1.87581680e+02 9.91135077e+00 7.95816804e+01
1.89000000e+02 9.04231182e+01 9.04231182e+01 9.04231182e+01 1.89423118e+02 1.08077336e+01 8.04231182e+01
1.90000000e+02 9.00661609e+01 9.00661609e+01 9.00661609e+01 1.90066161e+02 1.05057214e+01 8.00661609e+01
1.91000000e+02 8.95218164e+01 8.95218164e+01 8.95218164e+01 1.90521816e+02 1.00163219e+01 7.95218164e+01
1.92000000e+02 9.03318282e+01 9.03318282e+01 9.03318282e+01 1.92331828e+02 1.08812788e+01 8.03318282e+01
1.93000000e+02 9.02020050e+01 9.02020050e+01 9.02020050e+01 1.93202005e+02 1.08064006e+01 8.02020050e+01
1.94000000e+02 8.95000443e+01 8.95000443e+01 8.95000443e+01 1.93500044e+02 1.01593849e+01 7.95000443e+01
1.95000000e+02 9.02141050e+01 9.02141050e+01 9.02141050e+01 1.95214105e+02 1.09283907e+01 8.02141050e+01
1.96000000e+02 9.03217575e+01 9.03217575e+01 9.03217575e+01 1.96321758e+02 1.10909883e+01 8.03217575e+01
1.97000000e+02 8.95180983e+01 8.95180983e+01 8.95180983e+01 1.96518098e+02 1.03422741e+01 7.95180983e+01
1.98000000e+02 9.00793262e+01 9.00793262e+01 9.00793262e+01 1.98079326e+02 1.09584471e+01 8.00793262e+01
1.99000000e+02 9.04158790e+01 9.04158790e+01 9.04158790e+01 1.99415879e+02 1.13499449e+01 8.04158790e+01
2.00000000e+02 8.95745403e+01 8.95745403e+01 8.95745403e+01 1.99574540e+02 1.05635513e+01 7.95745403e+01
2.01000000e+02 8.99382284e+01 8.99382284e+01 8.99382284e+01 2.00938228e+02 1.09821844e+01 7.99382284e+01
2.02000000e+02 9.04768718e+01 9.04768718e+01 9.04768718e+01 2.02476872e+02 1.15757729e+01 8.04768718e+01
2.03000000e+02 8.96648742e+01 8.96648742e+01 8.96648742e+01 2.02664874e+02 1.08187204e+01 7.96648742e+01
2.04000000e+02 8.98020513e+01 8.98020513e+01 8.98020513e+01 2.03802051e+02 1.10108425e+01 7.98020513e+01
2.05000000e+02 9.04998773e+01 9.04998773e+01 9.04998773e+01 2.05499877e+02 1.17636135e+01 8.04998773e+01
2.06000000e+02 8.97819041e+01 8.97819041e+01 8.97819041e+01 2.05781904e+02 1.11005854e+01 7.97819041e+01
2.07000000e+02 8.96816426e+01 8.96816426e+01 8.96816426e+01 2.06681643e+02 1.10552690e+01 7.96816426e+01
2.08000000e+02 9.04830628e+01 9.04830628e+01 9.04830628e+01 2.08483063e+02 1.19116342e+01 8.04830628e+01
2.09000000e+02 8.99163073e+01 8.99163073e+01 8.99163073e+01 2.08916307e+02 1.13998238e+01 7.99163073e+01
2.10000000e+02 8.95865941e+01 8.95865941e+01 8.95865941e+01 2.09586594e+02 1.11250557e+01 7.95865941e+01
2.11000000e+02 9.04277678e+01 9.04277678e+01 9.04277678e+01 2.11427768e+02 1.20211744e+01 8.04277678e+01
2.12000000e+02 9.00573774e+01 9.00573774e+01 9.00573774e+01 2.12057377e+02 1.17057291e+01 8.00573774e+01
2.13000000e+02 8.95244773e+01 8.95244773e+01 8.95244773e+01 2.12524477e+02 1.12277740e+01 7.95244773e+01
2.14000000e+02 9.03383971e+01 9.03383971e+01 9.03383971e+01 2.14338397e+02 1.20966388e+01 8.03383971e+01
2.15000000e+02 9.01938769e+01 9.01938769e+01 9.01938769e+01 2.15193877e+02 1.20070637e+01 8.01938769e+01
2.16000000e+02 8.95002404e+01 8.95002404e+01 8.95002404e+01 2.15500240e+02 1.13683723e+01 7.95002404e+01
2.17000000e+02 9.02220698e+01 9.02220698e+01 9.02220698e+01 2.17222070e+02 1.21451468e+01 8.02220698e+01
2.18000000e+02 9.03149323e+01 9.03149323e+01 9.03149323e+01 2.18314932e+02 1.22929543e+01 8.03149323e+01
2.19000000e+02 8.95158140e+01 8.95158140e+01 8.95158140e+01 2.18515814e+02 1.15487810e+01 7.95158140e+01
2.20000000e+02 9.00880526e+01 9.00880526e+01 9.00880526e+01 2.20088053e+02 1.21759647e+01 8.00880526e+01
2.21000000e+02 9.04109003e+01 9.04109003e+01 9.04109003e+01 2.21410900e+02 1.25537575e+01 8.04109003e+01
2.22000000e+02 8.95699576e+01 8.95699576e+01 8.95699576e+01 2.21569958e+02 1.17677598e+01 7.95699576e+01
2.23000000e+02 8.99470212e+01 8.99470212e+01 8.99470212e+01 2.22947021e+02 1.21997685e+01 7.99470212e+01
2.24000000e+02 9.04741363e+01 9.04741363e+01 9.04741363e+01 2.24474136e+02 1.27818286e+01 8.04741363e+01
2.25000000e+02 8.96583581e+01 8.96583581e+01 8.96583581e+01 2.24658358e+02 1.20209955e+01 7.96583581e+01
2.26000000e+02 8.98102101e+01 8.98102101e+01 8.98102101e+01 2.25810210e+02 1.22277925e+01 7.98102101e+01
2.27000000e+02 9.04996028e+01 9.04996028e+01 9.04996028e+01 2.27499603e+02 1.29721303e+01 8.04996028e+01
2.28000000e+02 8.97739737e+01 8.97739737e+01 8.97739737e+01 2.27773974e+02 1.23014462e+01 7.97739737e+01
2.29000000e+02 8.96885175e+01 8.96885175e+01 8.96885175e+01 2.28688517e+02 1.22709351e+01 7.96885175e+01
2.30000000e+02 9.04852713e+01 9.04852713e+01 9.04852713e+01 2.30485271e+02 1.31226339e+01 8.04852713e+01
2.31000000e+02 8.99075943e+01 8.99075943e+01 8.99075943e+01 2.30907594e+02 1.25999020e+01 7.99075943e+01
2.32000000e+02 8.95916374e+01 8.95916374e+01 8.95916374e+01 2.31591637e+02 1.23388901e+01 7.95916374e+01
2.33000000e+02 9.04322833e+01 9.04322833e+01 9.04322833e+01 2.33432283e+02 1.32344811e+01 8.04322833e+01
2.34000000e+02 9.00485760e+01 9.00485760e+01 9.00485760e+01 2.34048576e+02 1.29057188e+01 8.00485760e+01
2.35000000e+02 8.95272872e+01 8.95272872e+01 8.95272872e+01 2.34527287e+02 1.24393752e+01 7.95272872e+01
2.36000000e+02 9.03448599e+01 9.03448599e+01 9.03448599e+01 2.36344860e+02 1.33118929e+01 8.03448599e+01
2.37000000e+02 9.01856881e+01 9.01856881e+01 9.01856881e+01 2.37185688e+02 1.32076661e+01 8.01856881e+01
2.38000000e+02 8.95005931e+01 8.95005931e+01 8.95005931e+01 2.37500593e+02 1.25775162e+01 7.95005931e+01
2.39000000e+02 9.02299651e+01 9.02299651e+01 9.02299651e+01 2.39229965e+02 1.33618333e+01 8.02299651e+01
2.40000000e+02 9.03080084e+01 9.03080084e+01 9.03080084e+01 2.40308008e+02 1.34948215e+01 8.03080084e+01
2.41000000e+02 8.95136815e+01 8.95136815e+01 8.95136815e+01 2.40513681e+02 1.27554397e+01 7.95136815e+01
2.42000000e+02 9.00967515e+01 9.00967515e+01 9.00967515e+01 2.42096751e+02 1.33934548e+01 8.00967515e+01
2.43000000e+02 9.04057929e+01 9.04057929e+01 9.04057929e+01 2.43405793e+02 1.37574412e+01 8.04057929e+01
2.44000000e+02 8.95655097e+01 8.95655097e+01 8.95655097e+01 2.43565510e+02 1.29721031e+01 7.95655097e+01
2.45000000e+02 8.99558307e+01 8.99558307e+01 8.99558307e+01 2.44955831e+02 1.34173691e+01 7.99558307e+01
2.46000000e+02 9.04712522e+01 9.04712522e+01 9.04712522e+01 2.46471252e+02 1.39877357e+01 8.04712522e+01
2.47000000e+02 8.96519491e+01 8.96519491e+01 8.96519491e+01 2.46651949e+02 1.32233777e+01 7.96519491e+01
2.48000000e+02 8.98184284e+01 8.98184284e+01 8.98184284e+01 2.47818428e+02 1.34448020e+01 7.98184284e+01
2.49000000e+02 9.04991718e+01 9.04991718e+01 9.04991718e+01 2.49499172e+02 1.41804905e+01 8.04991718e+01
2.50000000e+02 8.97661141e+01 8.97661141e+01 8.97661141e+01 2.49766114e+02 1.35023778e+01 7.97661141e+01
2.51000000e+02 8.96954899e+01 8.96954899e+01 8.96954899e+01 2.50695490e+02 1.34866987e+01 7.96954899e+01
2.52000000e+02 9.04873277e+01 9.04873277e+01 9.04873277e+01 2.52487328e+02 1.43334815e+01 8.04873277e+01
2.53000000e+02 8.98989103e+01 8.98989103e+01 8.98989103e+01 2.52898910e+02 1.38000092e+01 7.98989103e+01
2.54000000e+02 8.95968086e+01 8.95968086e+01 8.95968086e+01 2.53596809e+02 1.35528526e+01 7.95968086e+01
2.55000000e+02 9.04366633e+01 9.04366633e+01 9.04366633e+01 2.55436663e+02 1.44476523e+01 8.04366633e+01
2.56000000e+02 9.00397592e+01 9.00397592e+01 9.00397592e+01 2.56039759e+02 1.41056933e+01 8.00397592e+01
2.57000000e+02 8.95302453e+01 8.95302453e+01 8.95302453e+01 2.56530245e+02 1.36511244e+01 7.95302453e+01
2.58000000e+02 9.03512146e+01 9.03512146e+01 9.03512146e+01 2.58351215e+02 1.45270388e+01 8.03512146e+01
2.59000000e+02 9.01774410e+01 9.01774410e+01 9.01774410e+01 2.59177441e+02 1.44082102e+01 8.01774410e+01
2.60000000e+02 8.95011024e+01 8.95011024e+01 8.95011024e+01 2.59501102e+02 1.37868166e+01 7.95011024e+01
2.61000000e+02 9.02377884e+01 9.02377884e+01 9.02377884e+01 2.61237788e+02 1.45784477e+01 8.02377884e+01
2.62000000e+02 9.03009879e+01 9.03009879e+01 9.03009879e+01 2.62300988e+02 1.46965923e+01 8.03009879e+01
2.63000000e+02 8.95117013e+01 8.95117013e+01 8.95117013e+01 2.62511701e+02 1.39622508e+01 7.95117013e+01
2.64000000e+02 9.01054200e+01 9.01054200e+01 9.01054200e+01 2.64105420e+02 1.46109145e+01 8.01054200e+01
2.65000000e+02 9.04005583e+01 9.04005583e+01 9.04005583e+01 2.65400558e+02 1.49609978e+01 8.04005583e+01
2.66000000e+02 8.95611979e+01 8.95611979e+01 8.95611979e+01 2.65561198e+02 1.41765825e+01 7.95611979e+01
2.67000000e+02 8.99646540e+01 8.99646540e+01 8.99646540e+01 2.66964654e+02 1.46349836e+01 7.99646540e+01
2.68000000e+02 9.04682204e+01 9.04682204e+01 9.04682204e+01 2.68468220e+02 1.51934951e+01 8.04682204e+01
2.69000000e+02 8.96456492e+01 8.96456492e+01 8.96456492e+01 2.68645649e+02 1.44258689e+01 7.96456492e+01
2.70000000e+02 8.98267035e+01 8.98267035e+01 8.98267035e+01 2.69826704e+02 1.46618684e+01 7.98267035e+01
2.71000000e+02 9.04985844e+01 9.04985844e+01 9.04985844e+01 2.71498584e+02 1.53886943e+01 8.04985844e+01
2.72000000e+02 8.97583278e+01 8.97583278e+01 8.97583278e+01 2.71758328e+02 1.47033828e+01 7.97583278e+01
2.73000000e+02 8.97025578e+01 8.97025578e+01 8.97025578e+01 2.72702558e+02 1.47025578e+01 7.97025578e+01
2.74000000e+02 9.04892314e+01 9.04892314e+01 9.04892314e+01 2.74489231e+02 1.55441765e+01 8.04892314e+01
2.75000000e+02 8.98902580e+01 8.98902580e+01 8.98902580e+01 2.74890258e+02 1.50001481e+01 7.98902580e+01
2.76000000e+02 8.96021062e+01 8.96021062e+01 8.96021062e+01 2.75602106e+02 1.47669414e+01 7.96021062e+01
2.77000000e+02 9.04409065e+01 9.04409065e+01 9.04409065e+01 2.77440907e+02 1.56606867e+01 8.04409065e+01
2.78000000e+02 9.00309301e+01 9.00309301e+01 9.00309301e+01 2.78030930e+02 1.53056554e+01 8.00309301e+01
2.79000000e+02 8.95333506e+01 8.95333506e+01 8.95333506e+01 2.78533351e+02 1.48630209e+01 7.95333506e+01
2.80000000e+02 9.03574593e+01 9.03574593e+01 9.03574593e+01 2.80357459e+02 1.57420747e+01 8.03574593e+01
2.81000000e+02 9.01691383e+01 9.01691383e+01 9.01691383e+01 2.81169138e+02 1.56086988e+01 8.01691383e+01
2.82000000e+02 8.95017679e+01 8.95017679e+01 8.95017679e+01 2.81501768e+02 1.49962734e+01 7.95017679e+01
2.83000000e+02 9.02455371e+01 9.02455371e+01 9.02455371e+01 2.83245537e+02 1.57949876e+01 8.02455371e+01
2.84000000e+02 9.02938731e+01 9.02938731e+01 9.02938731e+01 2.84293873e+02 1.58982687e+01 8.02938731e+01
2.85000000e+02 8.95098742e+01 8.95098742e+01 8.95098742e+01 2.84509874e+02 1.51692149e+01 7.95098742e+01
2.86000000e+02 9.01140555e+01 9.01140555e+01 9.01140555e+01 2.86114055e+02 1.58283412e+01 8.01140555e+01
2.87000000e+02 9.03951981e+01 9.03951981e+01 9.03951981e+01 2.87395198e+02 1.61644289e+01 8.03951981e+01
2.88000000e+02 8.95570236e+01 8.95570236e+01 8.95570236e+01 2.87557024e+02 1.53811994e+01 7.95570236e+01
2.89000000e+02 8.99734883e+01 8.99734883e+01 8.99734883e+01 2.88973488e+02 1.58526092e+01 7.99734883e+01
2.90000000e+02 9.04650419e+01 9.04650419e+01 9.04650419e+01 2.90465042e+02 1.63991078e+01 8.04650419e+01
2.91000000e+02 8.96394603e+01 8.96394603e+01 8.96394603e+01 2.90639460e+02 1.56284712e+01 7.96394603e+01
2.92000000e+02 8.98350330e+01 8.98350330e+01 8.98350330e+01 2.91835033e+02 1.58789891e+01 7.98350330e+01
2.93000000e+02 9.04978407e+01 9.04978407e+01 9.04978407e+01 2.93497841e+02 1.65967418e+01 8.04978407e+01
2.94000000e+02 8.97506173e+01 8.97506173e+01 8.97506173e+01 2.93750617e+02 1.59044634e+01 7.97506173e+01
2.95000000e+02 8.97097190e+01 8.97097190e+01 8.97097190e+01 2.94709719e+02 1.59185102e+01 7.97097190e+01
2.96000000e+02 9.04909818e+01 9.04909818e+01 9.04909818e+01 2.96490982e+02 1.67547180e+01 8.04909818e+01
2.97000000e+02 8.98816400e+01 8.98816400e+01 8.98816400e+01 2.96881640e+02 1.62003213e+01 7.98816400e+01
2.98000000e+02 8.96075285e+01 8.96075285e+01 8.96075285e+01 2.97607528e+02 1.59811549e+01 7.96075285e+01
2.99000000e+02 9.04450115e+01 9.04450115e+01 9.04450115e+01 2.99445012e+02 1.68735830e+01 8.04450115e+01
3.00000000e+02 9.00220912e+01 9.00220912e+01 9.00220912e+01 3.00022091e+02 1.65056077e+01 8.00220912e+01
3.01000000e+02 8.95366021e+01 8.95366021e+01 8.95366021e+01 3.00536602e+02 1.60750636e+01 7.95366021e+01
3.02000000e+02 9.03635919e+01 9.03635919e+01 9.03635919e+01 3.02363592e+02 1.69569985e+01 8.03635919e+01
3.03000000e+02 9.01607827e+01 9.01607827e+01 9.01607827e+01 3.03160783e+02 1.68091343e+01 8.01607827e+01
3.04000000e+02 8.95025897e+01 8.95025897e+01 8.95025897e+01 3.03502590e+02 1.62058864e+01 7.95025897e+01
3.05000000e+02 9.02532088e+01 9.02532088e+01 9.02532088e+01 3.05253209e+02 1.70114506e+01 8.02532088e+01
3.06000000e+02 9.02866662e+01 9.02866662e+01 9.02866662e+01 3.06286666e+02 1.70998531e+01 8.02866662e+01
3.07000000e+02 8.95082007e+01 8.95082007e+01 8.95082007e+01 3.06508201e+02 1.63763326e+01 7.95082007e+01
3.08000000e+02 9.01226552e+01 9.01226552e+01 9.01226552e+01 3.08122655e+02 1.70457321e+01 8.01226552e+01
3.09000000e+02 9.03897142e+01 9.03897142e+01 9.03897142e+01 3.09389714e+02 1.73677361e+01 8.03897142e+01
3.10000000e+02 8.95529882e+01 8.95529882e+01 8.95529882e+01 3.09552988e+02 1.65859552e+01 7.95529882e+01
3.11000000e+02 8.99823310e+01 8.99823310e+01 8.99823310e+01 3.10982331e+02 1.70702431e+01 7.99823310e+01
3.12000000e+02 9.04617177e+01 9.04617177e+01 9.04617177e+01 3.12461718e+02 1.76045748e+01 8.04617177e+01
3.13000000e+02 8.96333843e+01 8.96333843e+01 8.96333843e+01 3.12633384e+02 1.68311865e+01 7.96333843e+01
3.14000000e+02 8.98434142e+01 8.98434142e+01 8.98434142e+01 3.13843414e+02 1.70961615e+01 7.98434142e+01
3.15000000e+02 9.04969410e+01 9.04969410e+01 9.04969410e+01 3.15496941e+02 1.78046333e+01 8.04969410e+01
3.16000000e+02 8.97429849e+01 8.97429849e+01 8.97429849e+01 3.15742985e+02 1.71056223e+01 7.97429849e+01
3.17000000e+02 8.97169710e+01 8.97169710e+01 8.97169710e+01 3.16716971e+02 1.71345534e+01 7.97169710e+01
3.18000000e+02 9.04925783e+01 9.04925783e+01 9.04925783e+01 3.18492578e+02 1.79651058e+01 8.04925783e+01
3.19000000e+02 8.98730592e+01 8.98730592e+01 8.98730592e+01 3.18873059e+02 1.74005317e+01 7.98730592e+01
3.20000000e+02 8.96130738e+01 8.96130738e+01 8.96130738e+01 3.19613074e+02 1.71954913e+01 7.96130738e+01
3.21000000e+02 9.04489771e+01 9.04489771e+01 9.04489771e+01 3.21448977e+02 1.80863397e+01 8.04489771e+01
3.22000000e+02 9.00132454e+01 9.00132454e+01 9.00132454e+01 3.22013245e+02 1.77055531e+01 8.00132454e+01
3.23000000e+02 8.95399988e+01 8.95399988e+01 8.95399988e+01 3.22539999e+02 1.72872515e+01 7.95399988e+01
3.24000000e+02 9.03696107e+01 9.03696107e+01 9.03696107e+01 3.24369611e+02 1.81718085e+01 8.03696107e+01
3.25000000e+02 9.01523766e+01 9.01523766e+01 9.01523766e+01 3.25152377e+02 1.80095195e+01 8.01523766e+01
3.26000000e+02 8.95035673e+01 8.95035673e+01 8.95035673e+01 3.25503567e+02 1.74156552e+01 7.95035673e+01
3.27000000e+02 9.02608012e+01 9.02608012e+01 9.02608012e+01 3.27260801e+02 1.82278342e+01 8.02608012e+01
3.28000000e+02 9.02793695e+01 9.02793695e+01 9.02793695e+01 3.28279370e+02 1.83013475e+01 8.02793695e+01
3.29000000e+02 8.95066813e+01 8.95066813e+01 8.95066813e+01 3.28506681e+02 1.75836044e+01 7.95066813e+01
3.30000000e+02 9.01312165e+01 9.01312165e+01 9.01312165e+01 3.30131217e+02 1.82630846e+01 8.01312165e+01
3.31000000e+02 9.03841080e+01 9.03841080e+01 9.03841080e+01 3.31384108e+02 1.85709212e+01 8.03841080e+01
3.32000000e+02 8.95490928e+01 8.95490928e+01 8.95490928e+01 3.31549093e+02 1.77908510e+01 7.95490928e+01
3.33000000e+02 8.99911792e+01 8.99911792e+01 8.99911792e+01 3.32991179e+02 1.82878825e+01 7.99911792e+01
3.34000000e+02 9.04582487e+01 9.04582487e+01 9.04582487e+01 3.34458249e+02 1.88098971e+01 8.04582487e+01
3.35000000e+02 8.96274233e+01 8.96274233e+01 8.96274233e+01 3.34627423e+02 1.80340167e+01 7.96274233e+01
3.36000000e+02 8.98518445e+01 8.98518445e+01 8.98518445e+01 3.35851845e+02 1.83133830e+01 7.98518445e+01
3.37000000e+02 9.04958856e+01 9.04958856e+01 9.04958856e+01 3.37495886e+02 1.90123691e+01 8.04958856e+01
3.38000000e+02 8.97354331e+01 8.97354331e+01 8.97354331e+01 3.37735433e+02 1.83068616e+01 7.97354331e+01
3.39000000e+02 8.97243118e+01 8.97243118e+01 8.97243118e+01 3.38724312e+02 1.83506854e+01 7.97243118e+01
3.40000000e+02 9.04940205e+01 9.04940205e+01 9.04940205e+01 3.40494020e+02 1.91753391e+01 8.04940205e+01
3.41000000e+02 8.98645181e+01 8.98645181e+01 8.98645181e+01 3.40864518e+02 1.86007818e+01 7.98645181e+01
3.42000000e+02 8.96187403e+01 8.96187403e+01 8.96187403e+01 3.41618740e+02 1.84099491e+01 7.96187403e+01
3.43000000e+02 9.04528020e+01 9.04528020e+01 9.04528020e+01 3.43452802e+02 1.92989558e+01 8.04528020e+01
3.44000000e+02 9.00043955e+01 9.00043955e+01 9.00043955e+01 3.44004396e+02 1.89054944e+01 8.00043955e+01
3.45000000e+02 8.95435397e+01 8.95435397e+01 8.95435397e+01 3.44543540e+02 1.84995836e+01 7.95435397e+01
3.46000000e+02 9.03755135e+01 9.03755135e+01 9.03755135e+01 3.46375514e+02 1.93865025e+01 8.03755135e+01
3.47000000e+02 9.01439228e+01 9.01439228e+01 9.01439228e+01 3.47143923e+02 1.92098569e+01 8.01439228e+01
3.48000000e+02 8.95047004e+01 8.95047004e+01 8.95047004e+01 3.47504700e+02 1.86255796e+01 7.95047004e+01
3.49000000e+02 9.02683119e+01 9.02683119e+01 9.02683119e+01 3.49268312e+02 1.94441361e+01 8.02683119e+01
3.50000000e+02 9.02719853e+01 9.02719853e+01 9.02719853e+01 3.50271985e+02 1.95027545e+01 8.02719853e+01
3.51000000e+02 8.95053165e+01 8.95053165e+01 8.95053165e+01 3.50505316e+02 1.87910308e+01 7.95053165e+01
3.52000000e+02 9.01397367e+01 9.01397367e+01 9.01397367e+01 3.52139737e+02 1.94803960e+01 8.01397367e+01
3.53000000e+02 9.03783815e+01 9.03783815e+01 9.03783815e+01 3.53378382e+02 1.97739859e+01 8.03783815e+01
3.54000000e+02 8.95453387e+01 8.95453387e+01 8.95453387e+01 3.53545339e+02 1.89958882e+01 7.95453387e+01
3.55000000e+02 9.00000301e+01 9.00000301e+01 9.00000301e+01 3.55000030e+02 1.95055246e+01 8.00000301e+01
3.56000000e+02 9.04546362e+01 9.04546362e+01 9.04546362e+01 3.56454636e+02 2.00150757e+01 8.04546362e+01
3.57000000e+02 8.96215790e+01 8.96215790e+01 8.96215790e+01 3.56621579e+02 1.92369637e+01 7.96215790e+01
3.58000000e+02 8.98603212e+01 8.98603212e+01 8.98603212e+01 3.57860321e+02 1.95306509e+01 7.98603212e+01
3.59000000e+02 9.04946747e+01 9.04946747e+01 9.04946747e+01 3.59494675e+02 2.02199495e+01 8.04946747e+01
3.60000000e+02 8.97279642e+01 8.97279642e+01 8.97279642e+01 3.59727964e+02 1.95081839e+01 7.97279642e+01
3.61000000e+02 8.97317390e+01 8.97317390e+01 8.97317390e+01 3.60731739e+02 1.95669038e+01 7.97317390e+01
3.62000000e+02 9.04953078e+01 9.04953078e+01 9.04953078e+01 3.62495308e+02 2.03854177e+01 8.04953078e+01
3.63000000e+02 8.98560195e+01 8.98560195e+01 8.98560195e+01 3.62856019e+02 1.98010744e+01 7.98560195e+01
3.64000000e+02 8.96245263e+01 8.96245263e+01 8.96245263e+01 3.63624526e+02 1.96245263e+01 7.96245263e+01
