0.00000000e+00 -9.17632500e-03 5.81501630e+00 3.38253000e+02 4.60738564e+00 3.12254604e+02 9.88808552e+01
1.00000000e+02 2.37331166e-01 5.81501630e+00 3.39064479e+02 8.15728233e+00 3.12469305e+02 9.88808552e+01
2.00000000e+02 5.20278815e-01 5.81501630e+00 3.39952408e+02 1.24570497e+01 3.12848905e+02 9.88808552e+01
3.00000000e+02 8.37304413e-01 5.81501630e+00 3.40917526e+02 1.74286174e+01 3.13365289e+02 9.88808552e+01
4.00000000e+02 1.18604575e+00 5.81501630e+00 3.41960570e+02 2.29939149e+01 3.13990338e+02 9.88808552e+01
5.00000000e+02 1.56414062e+00 5.81501630e+00 3.43082279e+02 2.90748717e+01 3.14695936e+02 9.88808552e+01
6.00000000e+02 1.96922681e+00 5.81501630e+00 3.44283391e+02 3.55934174e+01 3.15453966e+02 9.88808552e+01
7.00000000e+02 2.39894211e+00 5.81501630e+00 3.45564644e+02 4.24714816e+01 3.16236310e+02 9.88808552e+01
8.00000000e+02 2.85092432e+00 5.81501630e+00 3.46926776e+02 4.96309937e+01 3.17014851e+02 9.88808552e+01
9.00000000e+02 3.32281122e+00 5.81501630e+00 3.48370526e+02 5.69938834e+01 3.17761473e+02 9.88808552e+01
1.00000000e+03 3.81224060e+00 5.81501630e+00 3.49896632e+02 6.44820801e+01 3.18448059e+02 9.88808552e+01
1.10000000e+03 4.31685026e+00 5.81501630e+00 3.51505832e+02 7.20175135e+01 3.19046491e+02 9.88808552e+01
1.20000000e+03 4.83427799e+00 5.81501630e+00 3.53198863e+02 7.95221130e+01 3.19528652e+02 9.88808552e+01
1.30000000e+03 5.36216157e+00 5.81501630e+00 3.54976465e+02 8.69178083e+01 3.19866425e+02 9.88808552e+01
1.40000000e+03 5.89813880e+00 5.81501630e+00 3.56839376e+02 9.41265288e+01 3.20031694e+02 9.88808552e+01
1.50000000e+03 6.43984747e+00 5.81501630e+00 3.58788333e+02 1.01070204e+02 3.19996340e+02 9.88808552e+01
1.60000000e+03 6.98492537e+00 5.81501630e+00 3.60824075e+02 1.07670764e+02 3.19732248e+02 9.88808552e+01
1.70000000e+03 7.53101029e+00 5.81501630e+00 3.62947340e+02 1.13850137e+02 3.19211300e+02 9.88808552e+01
1.80000000e+03 8.07574003e+00 5.81501630e+00 3.65158867e+02 1.19530254e+02 3.18405378e+02 9.88808552e+01
1.90000000e+03 8.61675236e+00 5.81501630e+00 3.67459392e+02 1.24633044e+02 3.17286367e+02 9.88808552e+01
2.00000000e+03 9.20821223e+00 5.81501630e+00 3.70060534e+02 1.29166805e+02 3.15785991e+02 9.88808552e+01
2.10000000e+03 9.96357461e+00 5.81501630e+00 3.73384714e+02 1.33311353e+02 3.13826239e+02 9.88808552e+01
2.20000000e+03 1.08596704e+01 5.81501630e+00 3.77335327e+02 1.37110577e+02 3.11455298e+02 9.88808552e+01
2.30000000e+03 1.18680110e+01 5.81501630e+00 3.81795750e+02 1.40601616e+02 3.08725684e+02 9.88808552e+01
2.40000000e+03 1.29601081e+01 5.81501630e+00 3.86649357e+02 1.43821609e+02 3.05689915e+02 9.88808552e+01
2.50000000e+03 1.41074731e+01 5.81501630e+00 3.91779524e+02 1.46807694e+02 3.02400506e+02 9.88808552e+01
2.60000000e+03 1.52816176e+01 5.81501630e+00 3.97069626e+02 1.49597011e+02 2.98909975e+02 9.88808552e+01
2.70000000e+03 1.64540531e+01 5.81501630e+00 4.02403039e+02 1.52226697e+02 2.95270837e+02 9.88808552e+01
2.80000000e+03 1.75962911e+01 5.81501630e+00 4.07663138e+02 1.54733892e+02 2.91535610e+02 9.88808552e+01
2.90000000e+03 1.86798432e+01 5.81501630e+00 4.12733299e+02 1.57155733e+02 2.87756811e+02 9.88808552e+01
3.00000000e+03 1.96762209e+01 5.81501630e+00 4.17496897e+02 1.59529361e+02 2.83986955e+02 9.88808552e+01
3.10000000e+03 2.05569356e+01 5.81501630e+00 4.21837307e+02 1.61891912e+02 2.80278559e+02 9.88808552e+01
3.20000000e+03 2.12934991e+01 5.81501630e+00 4.25637905e+02 1.64280527e+02 2.76684141e+02 9.88808552e+01
3.30000000e+03 2.18574226e+01 5.81501630e+00 4.28782066e+02 1.66732344e+02 2.73256216e+02 9.88808552e+01
3.40000000e+03 2.22202179e+01 5.81501630e+00 4.31153165e+02 1.69284500e+02 2.70047301e+02 9.88808552e+01
3.50000000e+03 2.23533964e+01 5.81501630e+00 4.32634579e+02 1.71974136e+02 2.67109913e+02 9.88808552e+01
3.60000000e+03 2.22284696e+01 5.81501630e+00 4.33109681e+02 1.74838390e+02 2.64496569e+02 9.88808552e+01
3.70000000e+03 2.18169491e+01 5.81501630e+00 4.32461848e+02 1.77914400e+02 2.62259785e+02 9.88808552e+01
3.80000000e+03 2.10903464e+01 5.81501630e+00 4.30574456e+02 1.81239305e+02 2.60452078e+02 9.88808552e+01
3.90000000e+03 2.00028232e+01 5.81901705e+00 4.27278826e+02 1.84867066e+02 2.59089236e+02 9.88808552e+01
4.00000000e+03 1.84670104e+01 5.84592830e+00 4.22306973e+02 1.88884189e+02 2.58007557e+02 9.88808552e+01
4.10000000e+03 1.65167354e+01 5.89441747e+00 4.15791057e+02 1.93248505e+02 2.57167567e+02 9.88808552e+01
4.20000000e+03 1.42013356e+01 5.96005540e+00 4.07912047e+02 1.97902112e+02 2.56554384e+02 9.88808552e+01
4.30000000e+03 1.15701483e+01 6.03841296e+00 3.98850913e+02 2.02787108e+02 2.56153127e+02 9.88808552e+01
4.40000000e+03 8.67251091e+00 6.12506097e+00 3.88788624e+02 2.07845591e+02 2.55948912e+02 9.88808552e+01
4.50000000e+03 5.55776066e+00 6.21557030e+00 3.77906150e+02 2.13019659e+02 2.55926859e+02 9.88808552e+01
4.60000000e+03 2.27523492e+00 6.30551179e+00 3.66384459e+02 2.18251410e+02 2.56072084e+02 9.88808552e+01
4.70000000e+03 -1.12572897e+00 6.39045628e+00 3.54404521e+02 2.23482942e+02 2.56369707e+02 9.88808552e+01
4.80000000e+03 -4.59579368e+00 6.46597464e+00 3.42147305e+02 2.28656353e+02 2.56804843e+02 9.88808552e+01
4.90000000e+03 -8.08562187e+00 6.52763769e+00 3.29793780e+02 2.33713740e+02 2.57362613e+02 9.88808552e+01
5.00000000e+03 -1.15458762e+01 6.57101630e+00 3.17524915e+02 2.38597202e+02 2.58028132e+02 9.88808552e+01
5.10000000e+03 -1.49272194e+01 6.59168131e+00 3.05521681e+02 2.43248837e+02 2.58786520e+02 9.88808552e+01
5.20000000e+03 -1.81803141e+01 6.58520356e+00 2.93965045e+02 2.47610743e+02 2.59622894e+02 9.88808552e+01
5.30000000e+03 -2.12558229e+01 6.54715392e+00 2.83035978e+02 2.51625017e+02 2.60522372e+02 9.88808552e+01
5.40000000e+03 -2.41044085e+01 6.47310321e+00 2.72915449e+02 2.55233757e+02 2.61470072e+02 9.88808552e+01
5.50000000e+03 -2.66767336e+01 6.35862230e+00 2.63784426e+02 2.58379062e+02 2.62451112e+02 9.88808552e+01
5.60000000e+03 -2.89234609e+01 6.19928203e+00 2.55823879e+02 2.61003030e+02 2.63450609e+02 9.88808552e+01
5.70000000e+03 -3.07952530e+01 5.99065324e+00 2.49214778e+02 2.63047757e+02 2.64453682e+02 9.88808552e+01
5.80000000e+03 -3.22513500e+01 5.72623381e+00 2.44093660e+02 2.64448912e+02 2.65450574e+02 9.88798979e+01
5.90000000e+03 -3.33920056e+01 5.37491467e+00 2.39909819e+02 2.65091396e+02 2.66507342e+02 9.88644788e+01
6.00000000e+03 -3.42771424e+01 4.93644343e+00 2.36417767e+02 2.65012853e+02 2.67647089e+02 9.88327016e+01
6.10000000e+03 -3.49289757e+01 4.42233588e+00 2.33579456e+02 2.64294608e+02 2.68868015e+02 9.87877721e+01
6.20000000e+03 -3.53697208e+01 3.84410782e+00 2.31356835e+02 2.63017986e+02 2.70168318e+02 9.87328962e+01
6.30000000e+03 -3.56215928e+01 3.21327505e+00 2.29711856e+02 2.61264313e+02 2.71546196e+02 9.86712798e+01
6.40000000e+03 -3.57068069e+01 2.54135337e+00 2.28606471e+02 2.59114912e+02 2.72999849e+02 9.86061287e+01
6.50000000e+03 -3.56475784e+01 1.83985859e+00 2.28002629e+02 2.56651110e+02 2.74527476e+02 9.85406488e+01
6.60000000e+03 -3.54661224e+01 1.12030650e+00 2.27862283e+02 2.53954231e+02 2.76127274e+02 9.84780459e+01
6.70000000e+03 -3.51846542e+01 3.94212901e-01 2.28147383e+02 2.51105600e+02 2.77797444e+02 9.84215260e+01
6.80000000e+03 -3.48253890e+01 -3.26906405e-01 2.28819880e+02 2.48186543e+02 2.79536183e+02 9.83742949e+01
6.90000000e+03 -3.44105419e+01 -1.03153562e+00 2.29841726e+02 2.45278384e+02 2.81341691e+02 9.83395584e+01
7.00000000e+03 -3.39623283e+01 -1.70815894e+00 2.31174871e+02 2.42462449e+02 2.83212165e+02 9.83205224e+01
7.10000000e+03 -3.35029632e+01 -2.34526057e+00 2.32781266e+02 2.39820062e+02 2.85145806e+02 9.83203927e+01
7.20000000e+03 -3.30546620e+01 -2.93132471e+00 2.34622862e+02 2.37432548e+02 2.87140811e+02 9.83423753e+01
7.30000000e+03 -3.26396398e+01 -3.45483555e+00 2.36661611e+02 2.35381233e+02 2.89195380e+02 9.83896760e+01
7.40000000e+03 -3.22801118e+01 -3.90427730e+00 2.38859463e+02 2.33747442e+02 2.91307711e+02 9.84655007e+01
7.50000000e+03 -3.19982933e+01 -4.26813416e+00 2.41178370e+02 2.32612499e+02 2.93476002e+02 9.85730552e+01
7.60000000e+03 -3.18163994e+01 -4.53489033e+00 2.43580282e+02 2.32057730e+02 2.95698454e+02 9.87155453e+01
7.70000000e+03 -3.17564184e+01 -4.69327995e+00 2.46029136e+02 2.32163327e+02 2.97973963e+02 9.88961837e+01
7.80000000e+03 -3.17904407e+01 -4.78193967e+00 2.48864506e+02 2.32772209e+02 3.00429063e+02 9.91181536e+01
7.90000000e+03 -3.18800229e+01 -4.83383357e+00 2.52309606e+02 2.33714025e+02 3.03133901e+02 9.93797966e+01
8.00000000e+03 -3.20147928e+01 -4.84733762e+00 2.56297689e+02 2.34966708e+02 3.06053321e+02 9.96775272e+01
8.10000000e+03 -3.21843780e+01 -4.82082783e+00 2.60762005e+02 2.36508195e+02 3.09152168e+02 1.00007760e+02
8.20000000e+03 -3.23784063e+01 -4.75268016e+00 2.65635806e+02 2.38316421e+02 3.12395286e+02 1.00366909e+02
8.30000000e+03 -3.25865053e+01 -4.64127062e+00 2.70852344e+02 2.40369320e+02 3.15747521e+02 1.00751389e+02
8.40000000e+03 -3.27983028e+01 -4.48497519e+00 2.76344869e+02 2.42644827e+02 3.19173716e+02 1.01157615e+02
8.50000000e+03 -3.30034265e+01 -4.28216985e+00 2.82046633e+02 2.45120879e+02 3.22638716e+02 1.01582001e+02
8.60000000e+03 -3.31915040e+01 -4.03123059e+00 2.87890887e+02 2.47775409e+02 3.26107366e+02 1.02020962e+02
8.70000000e+03 -3.33521630e+01 -3.73053340e+00 2.93810883e+02 2.50586352e+02 3.29544511e+02 1.02470911e+02
8.80000000e+03 -3.34750314e+01 -3.37845425e+00 2.99739871e+02 2.53531645e+02 3.32914995e+02 1.02928264e+02
8.90000000e+03 -3.35497366e+01 -2.97336915e+00 3.05611104e+02 2.56589221e+02 3.36183662e+02 1.03389435e+02
9.00000000e+03 -3.35659066e+01 -2.51365407e+00 3.11357833e+02 2.59737016e+02 3.39315359e+02 1.03850839e+02
9.10000000e+03 -3.35131689e+01 -1.99768500e+00 3.16913308e+02 2.62952965e+02 3.42274928e+02 1.04308890e+02
9.20000000e+03 -3.33811513e+01 -1.42383793e+00 3.22210782e+02 2.66215003e+02 3.45027215e+02 1.04760002e+02
9.30000000e+03 -3.31594815e+01 -7.90488843e-01 3.27183505e+02 2.69501066e+02 3.47537065e+02 1.05200590e+02
9.40000000e+03 -3.28377871e+01 -9.60137249e-02 3.31764729e+02 2.72789087e+02 3.49769322e+02 1.05627069e+02
9.50000000e+03 -3.24056959e+01 6.61211438e-01 3.35887706e+02 2.76057002e+02 3.51688830e+02 1.06035853e+02
9.60000000e+03 -3.18528355e+01 1.48281066e+00 3.39485685e+02 2.79282746e+02 3.53260435e+02 1.06423357e+02
9.70000000e+03 -3.11483384e+01 2.41056661e+00 3.42691025e+02 2.82552603e+02 3.54447066e+02 1.06799951e+02
9.80000000e+03 -3.02633864e+01 3.50446757e+00 3.45815236e+02 2.86033402e+02 3.55252470e+02 1.07187269e+02
9.90000000e+03 -2.92178492e+01 4.74584790e+00 3.48846843e+02 2.89703447e+02 3.55715556e+02 1.07583319e+02
1.00000000e+04 -2.80323960e+01 6.11462878e+00 3.51767981e+02 2.93537445e+02 3.55875587e+02 1.07985655e+02
1.01000000e+04 -2.67276964e+01 7.59073139e+00 3.54560787e+02 2.97510105e+02 3.55771827e+02 1.08391831e+02
1.02000000e+04 -2.53244195e+01 9.15407690e+00 3.57207396e+02 3.01596135e+02 3.55443542e+02 1.08799400e+02
1.03000000e+04 -2.38432350e+01 1.07845865e+01 3.59689944e+02 3.05770244e+02 3.54929995e+02 1.09205916e+02
1.04000000e+04 -2.23048121e+01 1.24621814e+01 3.61990567e+02 3.10007140e+02 3.54270450e+02 1.09608932e+02
1.05000000e+04 -2.07298203e+01 1.41667827e+01 3.64091402e+02 3.14281532e+02 3.53504172e+02 1.10006001e+02
1.06000000e+04 -1.91389289e+01 1.58783117e+01 3.65974582e+02 3.18568127e+02 3.52670426e+02 1.10394677e+02
1.07000000e+04 -1.75528075e+01 1.75766894e+01 3.67622246e+02 3.22841634e+02 3.51808474e+02 1.10772513e+02
1.08000000e+04 -1.59921252e+01 1.92418372e+01 3.69016527e+02 3.27076762e+02 3.50957583e+02 1.11137062e+02
1.09000000e+04 -1.44775516e+01 2.08536761e+01 3.70139563e+02 3.31248219e+02 3.50157015e+02 1.11485879e+02
1.10000000e+04 -1.30297561e+01 2.23921274e+01 3.70973488e+02 3.35330712e+02 3.49446036e+02 1.11816516e+02
1.11000000e+04 -1.16694081e+01 2.38371122e+01 3.71500440e+02 3.39298951e+02 3.48863909e+02 1.12126527e+02
1.12000000e+04 -1.04171768e+01 2.51685517e+01 3.71702553e+02 3.43127644e+02 3.48449899e+02 1.12413465e+02
1.13000000e+04 -9.29373187e+00 2.63663671e+01 3.71561963e+02 3.46791500e+02 3.48243271e+02 1.12674884e+02
1.14000000e+04 -8.31974255e+00 2.74104796e+01 3.71060807e+02 3.50265225e+02 3.48283287e+02 1.12908338e+02
1.15000000e+04 -7.51587828e+00 2.82808104e+01 3.70181219e+02 3.53523530e+02 3.48609214e+02 1.13111378e+02
1.16000000e+04 -6.88906020e+00 2.89690748e+01 3.68865266e+02 3.56581866e+02 3.49219258e+02 1.13281304e+02
1.17000000e+04 -6.39298446e+00 2.95147576e+01 3.66970068e+02 3.59581108e+02 3.49972862e+02 1.13416966e+02
1.18000000e+04 -6.01271034e+00 2.99330587e+01 3.64531372e+02 3.62529024e+02 3.50848211e+02 1.13520959e+02
1.19000000e+04 -5.73790316e+00 3.02353463e+01 3.61602326e+02 3.65417900e+02 3.51838389e+02 1.13596110e+02
1.20000000e+04 -5.55822820e+00 3.04329886e+01 3.58236082e+02 3.68240022e+02 3.52936478e+02 1.13645246e+02
1.21000000e+04 -5.46335077e+00 3.05373536e+01 3.54485789e+02 3.70987675e+02 3.54135563e+02 1.13671192e+02
1.22000000e+04 -5.44293617e+00 3.05598097e+01 3.50404596e+02 3.73653146e+02 3.55428728e+02 1.13676774e+02
1.23000000e+04 -5.48664971e+00 3.05117248e+01 3.46045654e+02 3.76228719e+02 3.56809055e+02 1.13664820e+02
1.24000000e+04 -5.58415667e+00 3.04044673e+01 3.41462112e+02 3.78706682e+02 3.58269628e+02 1.13638155e+02
1.25000000e+04 -5.72512238e+00 3.02494051e+01 3.36707120e+02 3.81079320e+02 3.59803532e+02 1.13599605e+02
1.26000000e+04 -5.89921211e+00 3.00579066e+01 3.31833828e+02 3.83338919e+02 3.61403849e+02 1.13551997e+02
1.27000000e+04 -6.09609118e+00 2.98413399e+01 3.26895386e+02 3.85477764e+02 3.63063663e+02 1.13498157e+02
1.28000000e+04 -6.30542489e+00 2.96110730e+01 3.21944944e+02 3.87488142e+02 3.64776057e+02 1.13440910e+02
1.29000000e+04 -6.51687854e+00 2.93784742e+01 3.17035651e+02 3.89362338e+02 3.66534116e+02 1.13383084e+02
1.30000000e+04 -6.72011743e+00 2.91549117e+01 3.12220658e+02 3.91092639e+02 3.68330923e+02 1.13327505e+02
1.31000000e+04 -6.90480686e+00 2.89517535e+01 3.07553114e+02 3.92671329e+02 3.70159561e+02 1.13276998e+02
1.32000000e+04 -7.06061213e+00 2.87803678e+01 3.03086168e+02 3.94090696e+02 3.72013114e+02 1.13234390e+02
1.33000000e+04 -7.17719854e+00 2.86521229e+01 2.98872972e+02 3.95343024e+02 3.73884666e+02 1.13202507e+02
1.34000000e+04 -7.24423140e+00 2.85783869e+01 2.94966674e+02 3.96420599e+02 3.75767300e+02 1.13184176e+02
1.35000000e+04 -7.25637400e+00 2.85674230e+01 2.91391960e+02 3.97315226e+02 3.77664014e+02 1.13180855e+02
1.36000000e+04 -7.25637400e+00 2.85943977e+01 2.87903397e+02 3.98019747e+02 3.79664325e+02 1.13180855e+02
1.37000000e+04 -7.25637400e+00 2.86472550e+01 2.84437037e+02 3.98540934e+02 3.81779933e+02 1.13180855e+02
1.38000000e+04 -7.25637400e+00 2.87208449e+01 2.80998818e+02 3.98887855e+02 3.83996699e+02 1.13180855e+02
1.39000000e+04 -7.25637400e+00 2.88100172e+01 2.77594681e+02 3.99069577e+02 3.86300485e+02 1.13180855e+02
1.40000000e+04 -7.25637400e+00 2.89096218e+01 2.74230564e+02 3.99095169e+02 3.88677155e+02 1.13180855e+02
1.41000000e+04 -7.25637400e+00 2.90145086e+01 2.70912408e+02 3.98973696e+02 3.91112570e+02 1.13180855e+02
1.42000000e+04 -7.25637400e+00 2.91195275e+01 2.67646151e+02 3.98714227e+02 3.93592593e+02 1.13180855e+02
1.43000000e+04 -7.25637400e+00 2.92195283e+01 2.64437734e+02 3.98325828e+02 3.96103087e+02 1.13180855e+02
1.44000000e+04 -7.25637400e+00 2.93093609e+01 2.61293095e+02 3.97817568e+02 3.98629914e+02 1.13180855e+02
1.45000000e+04 -7.25637400e+00 2.93838752e+01 2.58218174e+02 3.97198514e+02 4.01158936e+02 1.13180855e+02
1.46000000e+04 -7.25637400e+00 2.94379210e+01 2.55218911e+02 3.96477732e+02 4.03676015e+02 1.13180855e+02
1.47000000e+04 -7.25637400e+00 2.94663482e+01 2.52301245e+02 3.95664291e+02 4.06167015e+02 1.13180855e+02
1.48000000e+04 -7.25637400e+00 2.94640068e+01 2.49471115e+02 3.94767257e+02 4.08617798e+02 1.13180855e+02
1.49000000e+04 -7.25637400e+00 2.94257466e+01 2.46734462e+02 3.93795698e+02 4.11014225e+02 1.13180855e+02
1.50000000e+04 -7.25637400e+00 2.93464174e+01 2.44097223e+02 3.92758682e+02 4.13342160e+02 1.13180855e+02
1.51000000e+04 -7.25637400e+00 2.92208691e+01 2.41565340e+02 3.91665275e+02 4.15587466e+02 1.13180855e+02
1.52000000e+04 -7.25637400e+00 2.90439517e+01 2.39144750e+02 3.90524545e+02 4.17736003e+02 1.13180855e+02
1.53000000e+04 -7.25637400e+00 2.88105150e+01 2.36841395e+02 3.89345560e+02 4.19773636e+02 1.13180855e+02
1.54000000e+04 -7.25637400e+00 2.85153052e+01 2.34662597e+02 3.88138483e+02 4.21686830e+02 1.13180855e+02
1.55000000e+04 -7.25637400e+00 2.81502673e+01 2.32681262e+02 3.86963437e+02 4.23498164e+02 1.13180855e+02
1.56000000e+04 -7.25637400e+00 2.77174746e+01 2.30918458e+02 3.85833714e+02 4.25229809e+02 1.13180855e+02
1.57000000e+04 -7.25637400e+00 2.72235364e+01 2.29349756e+02 3.84725539e+02 4.26888102e+02 1.13180855e+02
1.58000000e+04 -7.25637400e+00 2.66750621e+01 2.27950728e+02 3.83615141e+02 4.28479380e+02 1.13180855e+02
1.59000000e+04 -7.25637400e+00 2.60786609e+01 2.26696944e+02 3.82478744e+02 4.30009980e+02 1.13180855e+02
1.60000000e+04 -7.25637400e+00 2.54409421e+01 2.25563979e+02 3.81292577e+02 4.31486238e+02 1.13180855e+02
1.61000000e+04 -7.25637400e+00 2.47685150e+01 2.24527402e+02 3.80032865e+02 4.32914491e+02 1.13180855e+02
1.62000000e+04 -7.25637400e+00 2.40679889e+01 2.23562786e+02 3.78675836e+02 4.34301076e+02 1.13180855e+02
1.63000000e+04 -7.25637400e+00 2.33459730e+01 2.22645703e+02 3.77197716e+02 4.35652330e+02 1.13180855e+02
1.64000000e+04 -7.25637400e+00 2.26090767e+01 2.21751724e+02 3.75574732e+02 4.36974591e+02 1.13180855e+02
1.65000000e+04 -7.25637400e+00 2.18639093e+01 2.20856422e+02 3.73783111e+02 4.38274194e+02 1.13180855e+02
1.66000000e+04 -7.25637400e+00 2.11170800e+01 2.19935368e+02 3.71799079e+02 4.39557476e+02 1.13180855e+02
1.67000000e+04 -7.25637400e+00 2.03751981e+01 2.18964134e+02 3.69598863e+02 4.40830775e+02 1.13180855e+02
1.68000000e+04 -7.25637400e+00 1.96448729e+01 2.17918291e+02 3.67158691e+02 4.42100428e+02 1.13180855e+02
1.69000000e+04 -7.25637400e+00 1.89327138e+01 2.16773413e+02 3.64454788e+02 4.43372770e+02 1.13180855e+02
1.70000000e+04 -7.25637400e+00 1.82453299e+01 2.15505070e+02 3.61463381e+02 4.44654140e+02 1.13180855e+02
1.71000000e+04 -7.25637400e+00 1.75893306e+01 2.14088834e+02 3.58160698e+02 4.45950873e+02 1.13180855e+02
1.72000000e+04 -7.25637400e+00 1.69713252e+01 2.12500277e+02 3.54522965e+02 4.47269307e+02 1.13180855e+02
1.73000000e+04 -7.25637400e+00 1.63979229e+01 2.10714971e+02 3.50526408e+02 4.48615779e+02 1.13180855e+02
1.74000000e+04 -7.26366708e+00 1.58302865e+01 2.08723426e+02 3.46081015e+02 4.50030502e+02 1.13166050e+02
1.75000000e+04 -7.28629899e+00 1.52163303e+01 2.06549326e+02 3.41120723e+02 4.51548980e+02 1.13120105e+02
1.76000000e+04 -7.32151803e+00 1.45659392e+01 2.04213874e+02 3.35696644e+02 4.53151468e+02 1.13048608e+02
1.77000000e+04 -7.36651905e+00 1.38893177e+01 2.01738218e+02 3.29860426e+02 4.54817960e+02 1.12957252e+02
1.78000000e+04 -7.41849693e+00 1.31966699e+01 1.99143502e+02 3.23663718e+02 4.56528452e+02 1.12851733e+02
1.79000000e+04 -7.47464654e+00 1.24982002e+01 1.96450874e+02 3.17158167e+02 4.58262937e+02 1.12737745e+02
1.80000000e+04 -7.53216275e+00 1.18041128e+01 1.93681478e+02 3.10395422e+02 4.60001409e+02 1.12620983e+02
1.81000000e+04 -7.58824043e+00 1.11246119e+01 1.90856461e+02 3.03427131e+02 4.61723863e+02 1.12507141e+02
1.82000000e+04 -7.64007446e+00 1.04699019e+01 1.87996968e+02 2.96304941e+02 4.63410292e+02 1.12401914e+02
1.83000000e+04 -7.68485970e+00 9.85018700e+00 1.85124145e+02 2.89080500e+02 4.65040692e+02 1.12310997e+02
1.84000000e+04 -7.71979103e+00 9.27567150e+00 1.82259139e+02 2.81805458e+02 4.66595057e+02 1.12240084e+02
1.85000000e+04 -7.74206331e+00 8.75655966e+00 1.79423095e+02 2.74531460e+02 4.68053380e+02 1.12194869e+02
1.86000000e+04 -7.74887142e+00 8.30305576e+00 1.76637159e+02 2.67310156e+02 4.69395656e+02 1.12181048e+02
1.87000000e+04 -7.73741023e+00 7.92536405e+00 1.73922477e+02 2.60193194e+02 4.70601880e+02 1.12204315e+02
1.88000000e+04 -7.70487460e+00 7.63368882e+00 1.71300194e+02 2.53232222e+02 4.71652045e+02 1.12270365e+02
1.89000000e+04 -7.64845942e+00 7.43823433e+00 1.68791458e+02 2.46478887e+02 4.72526146e+02 1.12384892e+02
1.90000000e+04 -7.56535954e+00 7.34920486e+00 1.66417413e+02 2.39984837e+02 4.73204177e+02 1.12553591e+02
1.91000000e+04 -7.45276985e+00 7.37680468e+00 1.64199205e+02 2.33801721e+02 4.73666132e+02 1.12782157e+02
1.92000000e+04 -7.30788521e+00 7.53123805e+00 1.62157980e+02 2.27981187e+02 4.73892006e+02 1.13076284e+02
1.93000000e+04 -7.12405669e+00 7.81980598e+00 1.60282543e+02 2.22492189e+02 4.73875397e+02 1.13463962e+02
1.94000000e+04 -6.89105945e+00 8.23490523e+00 1.58487292e+02 2.17115845e+02 4.73652202e+02 1.14004397e+02
1.95000000e+04 -6.61361172e+00 8.76725954e+00 1.56765303e+02 2.11836964e+02 4.73236913e+02 1.14681241e+02
1.96000000e+04 -6.29732373e+00 9.40786298e+00 1.55115691e+02 2.06655881e+02 4.72641843e+02 1.15473319e+02
1.97000000e+04 -5.94780575e+00 1.01477096e+01 1.53537569e+02 2.01572932e+02 4.71879305e+02 1.16359454e+02
1.98000000e+04 -5.57066804e+00 1.09777936e+01 1.52030052e+02 1.96588452e+02 4.70961612e+02 1.17318473e+02
1.99000000e+04 -5.17152085e+00 1.18891090e+01 1.50592257e+02 1.91702776e+02 4.69901077e+02 1.18329198e+02
2.00000000e+04 -4.75597445e+00 1.28726498e+01 1.49223297e+02 1.86916239e+02 4.68710015e+02 1.19370455e+02
2.01000000e+04 -4.32963909e+00 1.39194102e+01 1.47922287e+02 1.82229175e+02 4.67400739e+02 1.20421068e+02
2.02000000e+04 -3.89812503e+00 1.50203843e+01 1.46688342e+02 1.77641921e+02 4.65985561e+02 1.21459861e+02
2.03000000e+04 -3.46704253e+00 1.61665661e+01 1.45520577e+02 1.73154810e+02 4.64476796e+02 1.22465658e+02
2.04000000e+04 -3.04200185e+00 1.73489497e+01 1.44418107e+02 1.68768179e+02 4.62886756e+02 1.23417285e+02
2.05000000e+04 -2.62861324e+00 1.85585293e+01 1.43380046e+02 1.64482362e+02 4.61227756e+02 1.24293566e+02
2.06000000e+04 -2.23248696e+00 1.97862988e+01 1.42405510e+02 1.60297694e+02 4.59512107e+02 1.25073324e+02
2.07000000e+04 -1.85923327e+00 2.10232525e+01 1.41493613e+02 1.56214510e+02 4.57752125e+02 1.25735385e+02
2.08000000e+04 -1.51446243e+00 2.22603843e+01 1.40643470e+02 1.52233145e+02 4.55960121e+02 1.26258573e+02
2.09000000e+04 -1.20378470e+00 2.34886884e+01 1.39854196e+02 1.48353935e+02 4.54148411e+02 1.26621712e+02
2.10000000e+04 -9.32810341e-01 2.46991588e+01 1.39124906e+02 1.44577214e+02 4.52329306e+02 1.26803626e+02
2.11000000e+04 -7.07149601e-01 2.58827897e+01 1.38454714e+02 1.40903318e+02 4.50515120e+02 1.26783141e+02
2.12000000e+04 -5.30359649e-01 2.70538913e+01 1.37849946e+02 1.37351383e+02 4.48711472e+02 1.26537807e+02
2.13000000e+04 -3.90626044e-01 2.83614323e+01 1.37357185e+02 1.34043591e+02 4.46878216e+02 1.26053627e+02
2.14000000e+04 -2.82755828e-01 2.98124062e+01 1.36976788e+02 1.30978364e+02 4.45004100e+02 1.25350805e+02
2.15000000e+04 -2.03943873e-01 3.13812717e+01 1.36698863e+02 1.28127133e+02 4.43086255e+02 1.24453470e+02
2.16000000e+04 -1.51385049e-01 3.30424871e+01 1.36513517e+02 1.25461332e+02 4.41121808e+02 1.23385751e+02
2.17000000e+04 -1.22274227e-01 3.47705111e+01 1.36410860e+02 1.22952393e+02 4.39107888e+02 1.22171776e+02
2.18000000e+04 -1.13806278e-01 3.65398021e+01 1.36380998e+02 1.20571748e+02 4.37041622e+02 1.20835673e+02
2.19000000e+04 -1.23176073e-01 3.83248187e+01 1.36414040e+02 1.18290831e+02 4.34920141e+02 1.19401571e+02
2.20000000e+04 -1.47578483e-01 4.01000194e+01 1.36500094e+02 1.16081073e+02 4.32740572e+02 1.17893598e+02
2.21000000e+04 -1.84208379e-01 4.18398627e+01 1.36629267e+02 1.13913908e+02 4.30500044e+02 1.16335881e+02
2.22000000e+04 -2.30260631e-01 4.35188071e+01 1.36791667e+02 1.11760767e+02 4.28195685e+02 1.14752551e+02
2.23000000e+04 -2.82930111e-01 4.51113113e+01 1.36977402e+02 1.09593084e+02 4.25824624e+02 1.13167734e+02
2.24000000e+04 -3.39411690e-01 4.65918337e+01 1.37176581e+02 1.07382291e+02 4.23383989e+02 1.11605559e+02
2.25000000e+04 -3.96900238e-01 4.79348327e+01 1.37379310e+02 1.05099820e+02 4.20870909e+02 1.10090155e+02
2.26000000e+04 -4.52590626e-01 4.91147671e+01 1.37575699e+02 1.02717105e+02 4.18282513e+02 1.08645650e+02
2.27000000e+04 -5.03677726e-01 5.01060952e+01 1.37755854e+02 1.00205578e+02 4.15615928e+02 1.07296172e+02
2.28000000e+04 -5.47356407e-01 5.08832756e+01 1.37909884e+02 9.75366709e+01 4.12868284e+02 1.06065850e+02
2.29000000e+04 -5.80821542e-01 5.14207669e+01 1.38027897e+02 9.46818169e+01 4.10036709e+02 1.04978811e+02
2.30000000e+04 -6.01268001e-01 5.16930275e+01 1.38100000e+02 9.16124485e+01 4.07118331e+02 1.04059185e+02
2.31000000e+04 -6.06375200e-01 5.16730023e+01 1.38118010e+02 8.82970736e+01 4.04103727e+02 1.03328197e+02
2.32000000e+04 -6.06375200e-01 5.13119539e+01 1.38118010e+02 8.46516888e+01 4.00834589e+02 1.02728160e+02
2.33000000e+04 -6.06375200e-01 5.06222172e+01 1.38118010e+02 8.06829889e+01 3.97275507e+02 1.02222446e+02
2.34000000e+04 -6.06375200e-01 4.96389300e+01 1.38118010e+02 7.64375776e+01 3.93468273e+02 1.01803544e+02
2.35000000e+04 -6.06375200e-01 4.83972302e+01 1.38118010e+02 7.19620584e+01 3.89454681e+02 1.01463948e+02
2.36000000e+04 -6.06375200e-01 4.69322559e+01 1.38118010e+02 6.73030350e+01 3.85276524e+02 1.01196148e+02
2.37000000e+04 -6.06375200e-01 4.52791448e+01 1.38118010e+02 6.25071109e+01 3.80975597e+02 1.00992637e+02
2.38000000e+04 -6.06375200e-01 4.34730350e+01 1.38118010e+02 5.76208898e+01 3.76593692e+02 1.00845905e+02
2.39000000e+04 -6.06375200e-01 4.15490642e+01 1.38118010e+02 5.26909751e+01 3.72172604e+02 1.00748444e+02
2.40000000e+04 -6.06375200e-01 3.95423704e+01 1.38118010e+02 4.77639706e+01 3.67754125e+02 1.00692746e+02
2.41000000e+04 -6.06375200e-01 3.74880916e+01 1.38118010e+02 4.28864798e+01 3.63380050e+02 1.00671303e+02
2.42000000e+04 -6.06375200e-01 3.54213655e+01 1.38118010e+02 3.81051062e+01 3.59092171e+02 1.00676605e+02
2.43000000e+04 -6.06375200e-01 3.33773302e+01 1.38118010e+02 3.34664536e+01 3.54932283e+02 1.00701144e+02
2.44000000e+04 -6.06375200e-01 3.13911236e+01 1.38118010e+02 2.90171254e+01 3.50942178e+02 1.00737413e+02
2.45000000e+04 -6.06375200e-01 2.94978835e+01 1.38118010e+02 2.48037252e+01 3.47163652e+02 1.00777902e+02
2.46000000e+04 -6.06375200e-01 2.77327478e+01 1.38118010e+02 2.08728567e+01 3.43638496e+02 1.00815102e+02
2.47000000e+04 -6.06375200e-01 2.61308546e+01 1.38118010e+02 1.72711235e+01 3.40408505e+02 1.00841506e+02
2.48000000e+04 -6.06375200e-01 2.47273416e+01 1.38118010e+02 1.40451291e+01 3.37515471e+02 1.00849606e+02
2.49000000e+04 -6.06375200e-01 2.35573467e+01 1.38118010e+02 1.12414771e+01 3.35001190e+02 1.00831891e+02
2.50000000e+04 -6.06375200e-01 2.26560080e+01 1.38118010e+02 8.90677112e+00 3.32907453e+02 1.00780855e+02
