0.00000000e+00 0.00000000e+00 0.00000000e+00 0.00000000e+00 -1.00000000e+02 0.00000000e+00 1.00000000e+02
1.00000000e+02 0.00000000e+00 2.07936000e+00 2.21760000e+00 -9.78432000e+01 1.61728000e+00 1.00000000e+02
2.00000000e+02 0.00000000e+00 4.68288000e+00 5.21280000e+00 -9.53856000e+01 3.64224000e+00 1.00000000e+02
3.00000000e+02 0.00000000e+00 7.75872000e+00 8.89920000e+00 -9.26464000e+01 6.03456000e+00 1.00000000e+02
4.00000000e+02 0.00000000e+00 1.12550400e+01 1.31904000e+01 -8.96448000e+01 8.75392000e+00 1.00000000e+02
5.00000000e+02 0.00000000e+00 1.51200000e+01 1.80000000e+01 -8.64000000e+01 1.17600000e+01 1.00000000e+02
6.00000000e+02 0.00000000e+00 1.93017600e+01 2.32416000e+01 -8.29312000e+01 1.50124800e+01 1.00000000e+02
7.00000000e+02 0.00000000e+00 2.37484800e+01 2.88288000e+01 -7.92576000e+01 1.84710400e+01 1.00000000e+02
8.00000000e+02 0.00000000e+00 2.84083200e+01 3.46752000e+01 -7.53984000e+01 2.20953600e+01 1.00000000e+02
9.00000000e+02 0.00000000e+00 3.32294400e+01 4.06944000e+01 -7.13728000e+01 2.58451200e+01 1.00000000e+02
1.00000000e+03 0.00000000e+00 3.81600000e+01 4.68000000e+01 -6.72000000e+01 2.96800000e+01 1.00000000e+02
1.10000000e+03 0.00000000e+00 4.31481600e+01 5.29056000e+01 -6.28992000e+01 3.35596800e+01 1.00000000e+02
1.20000000e+03 0.00000000e+00 4.81420800e+01 5.89248000e+01 -5.84896000e+01 3.74438400e+01 1.00000000e+02
1.30000000e+03 0.00000000e+00 5.30899200e+01 6.47712000e+01 -5.39904000e+01 4.12921600e+01 1.00000000e+02
1.40000000e+03 0.00000000e+00 5.79398400e+01 7.03584000e+01 -4.94208000e+01 4.50643200e+01 1.00000000e+02
1.50000000e+03 0.00000000e+00 6.26400000e+01 7.56000000e+01 -4.48000000e+01 4.87200000e+01 1.00000000e+02
1.60000000e+03 0.00000000e+00 6.71385600e+01 8.04096000e+01 -4.01472000e+01 5.22188800e+01 1.00000000e+02
1.70000000e+03 0.00000000e+00 7.13836800e+01 8.47008000e+01 -3.54816000e+01 5.55206400e+01 1.00000000e+02
1.80000000e+03 0.00000000e+00 7.53235200e+01 8.83872000e+01 -3.08224000e+01 5.85849600e+01 1.00000000e+02
1.90000000e+03 0.00000000e+00 7.89062400e+01 9.13824000e+01 -2.61888000e+01 6.13715200e+01 1.00000000e+02
2.00000000e+03 0.00000000e+00 8.20800000e+01 9.36000000e+01 -2.16000000e+01 6.38400000e+01 1.00000000e+02
2.10000000e+03 0.00000000e+00 8.47929600e+01 9.49536000e+01 -1.70752000e+01 6.59500800e+01 1.00000000e+02
2.20000000e+03 0.00000000e+00 8.69932800e+01 9.53568000e+01 -1.26336000e+01 6.76614400e+01 1.00000000e+02
2.30000000e+03 0.00000000e+00 8.86291200e+01 9.47232000e+01 -8.29440000e+00 6.89337600e+01 1.00000000e+02
2.40000000e+03 0.00000000e+00 8.96486400e+01 9.29664000e+01 -4.07680000e+00 6.97267200e+01 1.00000000e+02
2.50000000e+03 0.00000000e+00 9.00000000e+01 9.00000000e+01 0.00000000e+00 7.00000000e+01 1.00000000e+02
2.60000000e+03 -6.91200000e-02 8.96486399e+01 8.52825600e+01 4.15360000e+00 6.98035200e+01 1.00000000e+02
2.70000000e+03 -2.64960000e-01 8.86291195e+01 7.84684800e+01 8.58880000e+00 6.92281600e+01 1.00000000e+02
2.80000000e+03 -5.70240000e-01 8.69932789e+01 6.97651200e+01 1.32672000e+01 6.82950400e+01 1.00000000e+02
2.90000000e+03 -9.67680000e-01 8.47929582e+01 5.93798400e+01 1.81504000e+01 6.70252800e+01 1.00000000e+02
3.00000000e+03 -1.44000000e+00 8.20799973e+01 4.75200000e+01 2.32000000e+01 6.54400000e+01 1.00000000e+02
3.10000000e+03 -1.96992000e+00 7.89062363e+01 3.43929600e+01 2.83776000e+01 6.35603200e+01 1.00000000e+02
3.20000000e+03 -2.54016000e+00 7.53235152e+01 2.02060800e+01 3.36448000e+01 6.14073600e+01 1.00000000e+02
3.30000000e+03 -3.13344000e+00 7.13836741e+01 5.16672000e+00 3.89632000e+01 5.90022400e+01 1.00000000e+02
3.40000000e+03 -3.73248000e+00 6.71385529e+01 -1.05177600e+01 4.42944000e+01 5.63660800e+01 1.00000000e+02
3.50000000e+03 -4.32000000e+00 6.26399918e+01 -2.66400000e+01 4.96000000e+01 5.35200000e+01 1.00000000e+02
3.60000000e+03 -4.87872000e+00 5.79398307e+01 -4.29926400e+01 5.48416000e+01 5.04851200e+01 1.00000000e+02
3.70000000e+03 -5.39136000e+00 5.30899098e+01 -5.93683200e+01 5.99808000e+01 4.72825600e+01 1.00000000e+02
3.80000000e+03 -5.84064000e+00 4.81420689e+01 -7.55596800e+01 6.49792000e+01 4.39334400e+01 1.00000000e+02
3.90000000e+03 -6.20928000e+00 4.31481482e+01 -9.13593600e+01 6.97984000e+01 4.04588800e+01 1.00000000e+02
4.00000000e+03 -6.48000000e+00 3.81599877e+01 -1.06560000e+02 7.44000000e+01 3.68800000e+01 1.00000000e+02
4.10000000e+03 -6.63552000e+00 3.32294274e+01 -1.20954240e+02 7.87456000e+01 3.32179200e+01 1.00000000e+02
4.20000000e+03 -6.65856000e+00 2.84083074e+01 -1.34334720e+02 8.27968000e+01 2.94937600e+01 1.00000000e+02
4.30000000e+03 -6.53184000e+00 2.37484676e+01 -1.46494080e+02 8.65152000e+01 2.57286400e+01 1.00000000e+02
4.40000000e+03 -6.23808000e+00 1.93017482e+01 -1.57224960e+02 8.98624000e+01 2.19436800e+01 1.00000000e+02
4.50000000e+03 -5.76000000e+00 1.51199891e+01 -1.66320000e+02 9.28000000e+01 1.81600000e+01 1.00000000e+02
4.60000000e+03 -5.08032000e+00 1.12550304e+01 -1.73571840e+02 9.52896000e+01 1.43987200e+01 1.00000000e+02
4.70000000e+03 -4.18176000e+00 7.75871207e+00 -1.78773120e+02 9.72928000e+01 1.06809600e+01 1.00000000e+02
4.80000000e+03 -3.04704000e+00 4.68287422e+00 -1.81716480e+02 9.87712000e+01 7.02784000e+00 1.00000000e+02
4.90000000e+03 -1.65888000e+00 2.07935685e+00 -1.82194560e+02 9.96864000e+01 3.46048000e+00 1.00000000e+02
5.00000000e+03 0.00000000e+00 0.00000000e+00 -1.80000000e+02 1.00000000e+02 0.00000000e+00 1.00000000e+02
5.10000000e+03 2.07936000e+00 -1.65887599e+00 -1.74994560e+02 9.96864000e+01 -3.60064000e+00 1.00000000e+02
5.20000000e+03 4.68288000e+00 -3.04703086e+00 -1.67316480e+02 9.87712000e+01 -7.57312000e+00 1.00000000e+02
5.30000000e+03 7.75872000e+00 -4.18174474e+00 -1.57173120e+02 9.72928000e+01 -1.18732800e+01 1.00000000e+02
5.40000000e+03 1.12550400e+01 -5.08029773e+00 -1.44771840e+02 9.52896000e+01 -1.64569600e+01 1.00000000e+02
5.50000000e+03 1.51200000e+01 -5.75996994e+00 -1.30320000e+02 9.28000000e+01 -2.12800000e+01 1.00000000e+02
5.60000000e+03 1.93017600e+01 -6.23804150e+00 -1.14024960e+02 8.98624000e+01 -2.62982400e+01 1.00000000e+02
5.70000000e+03 2.37484800e+01 -6.53179252e+00 -9.60940800e+01 8.65152000e+01 -3.14675200e+01 1.00000000e+02
5.80000000e+03 2.84083200e+01 -6.65850311e+00 -7.67347200e+01 8.27968000e+01 -3.67436800e+01 1.00000000e+02
5.90000000e+03 3.32294400e+01 -6.63545339e+00 -5.61542400e+01 7.87456000e+01 -4.20825600e+01 1.00000000e+02
6.00000000e+03 3.81600000e+01 -6.47992348e+00 -3.45600000e+01 7.44000000e+01 -4.74400000e+01 1.00000000e+02
6.10000000e+03 4.31481600e+01 -6.20919348e+00 -1.21593600e+01 6.97984000e+01 -5.27718400e+01 1.00000000e+02
6.20000000e+03 4.81420800e+01 -5.84054351e+00 1.08403200e+01 6.49792000e+01 -5.80339200e+01 1.00000000e+02
6.30000000e+03 5.30899200e+01 -5.39125370e+00 3.42316800e+01 5.99808000e+01 -6.31820800e+01 1.00000000e+02
6.40000000e+03 5.79398400e+01 -4.87860415e+00 5.78073600e+01 5.48416000e+01 -6.81721600e+01 1.00000000e+02
6.50000000e+03 6.26400000e+01 -4.31987497e+00 8.13600000e+01 4.96000000e+01 -7.29600000e+01 1.00000000e+02
6.60000000e+03 6.71385600e+01 -3.73234629e+00 1.04682240e+02 4.42944000e+01 -7.75014400e+01 1.00000000e+02
6.70000000e+03 7.13836800e+01 -3.13329822e+00 1.27566720e+02 3.89632000e+01 -8.17523200e+01 1.00000000e+02
6.80000000e+03 7.53235200e+01 -2.54001087e+00 1.49806080e+02 3.36448000e+01 -8.56684800e+01 1.00000000e+02
6.90000000e+03 7.89062400e+01 -1.96976436e+00 1.71192960e+02 2.83776000e+01 -8.92057600e+01 1.00000000e+02
7.00000000e+03 8.20800000e+01 -1.43983881e+00 1.91520000e+02 2.32000000e+01 -9.23200000e+01 1.00000000e+02
7.10000000e+03 8.47929600e+01 -9.67514317e-01 2.10579840e+02 1.81504000e+01 -9.49670400e+01 1.00000000e+02
7.20000000e+03 8.69932800e+01 -5.70071011e-01 2.28165120e+02 1.32672000e+01 -9.71027200e+01 1.00000000e+02
7.30000000e+03 8.86291200e+01 -2.64789003e-01 2.44068480e+02 8.58880000e+00 -9.86828800e+01 1.00000000e+02
7.40000000e+03 8.96486400e+01 -6.89484086e-02 2.58082560e+02 4.15360000e+00 -9.96633600e+01 1.00000000e+02
7.50000000e+03 9.00000000e+01 1.70658170e-04 2.70000000e+02 0.00000000e+00 -1.00000000e+02 1.00000000e+02
7.60000000e+03 8.96486400e+01 1.68053688e-04 2.80304640e+02 -4.07680000e+00 -9.96096000e+01 1.00000000e+02
7.70000000e+03 8.86291200e+01 1.63799036e-04 2.89653120e+02 -8.29440000e+00 -9.84768000e+01 1.00000000e+02
7.80000000e+03 8.69932800e+01 1.58025835e-04 2.98097280e+02 -1.26336000e+01 -9.66592000e+01 1.00000000e+02
7.90000000e+03 8.47929600e+01 1.50865706e-04 3.05688960e+02 -1.70752000e+01 -9.42144000e+01 1.00000000e+02
8.00000000e+03 8.20800000e+01 1.42450272e-04 3.12480000e+02 -2.16000000e+01 -9.12000000e+01 1.00000000e+02
8.10000000e+03 7.89062400e+01 1.32911152e-04 3.18522240e+02 -2.61888000e+01 -8.76736000e+01 1.00000000e+02
8.20000000e+03 7.53235200e+01 1.22379968e-04 3.23867520e+02 -3.08224000e+01 -8.36928000e+01 1.00000000e+02
8.30000000e+03 7.13836800e+01 1.10988341e-04 3.28567680e+02 -3.54816000e+01 -7.93152000e+01 1.00000000e+02
8.40000000e+03 6.71385600e+01 9.88678920e-05 3.32674560e+02 -4.01472000e+01 -7.45984000e+01 1.00000000e+02
8.50000000e+03 6.26400000e+01 8.61502426e-05 3.36240000e+02 -4.48000000e+01 -6.96000000e+01 1.00000000e+02
8.60000000e+03 5.79398400e+01 7.29670139e-05 3.39315840e+02 -4.94208000e+01 -6.43776000e+01 1.00000000e+02
8.70000000e+03 5.30899200e+01 5.94498269e-05 3.41953920e+02 -5.39904000e+01 -5.89888000e+01 1.00000000e+02
8.80000000e+03 4.81420800e+01 4.57303027e-05 3.44206080e+02 -5.84896000e+01 -5.34912000e+01 1.00000000e+02
8.90000000e+03 4.31481600e+01 3.19400626e-05 3.46124160e+02 -6.28992000e+01 -4.79424000e+01 1.00000000e+02
9.00000000e+03 3.81600000e+01 1.82107278e-05 3.47760000e+02 -6.72000000e+01 -4.24000000e+01 1.00000000e+02
9.10000000e+03 3.32294400e+01 4.67391923e-06 3.49165440e+02 -7.13728000e+01 -3.69216000e+01 1.00000000e+02
9.20000000e+03 2.84083200e+01 -8.53874177e-06 3.50392320e+02 -7.53984000e+01 -3.15648000e+01 1.00000000e+02
9.30000000e+03 2.37484800e+01 -2.12956341e-05 3.51492480e+02 -7.92576000e+01 -2.63872000e+01 1.00000000e+02
9.40000000e+03 1.93017600e+01 -3.34651366e-05 3.52517760e+02 -8.29312000e+01 -2.14464000e+01 1.00000000e+02
9.50000000e+03 1.51200000e+01 -4.49156281e-05 3.53520000e+02 -8.64000000e+01 -1.68000000e+01 1.00000000e+02
9.60000000e+03 1.12550400e+01 -5.55154874e-05 3.54551040e+02 -8.96448000e+01 -1.25056000e+01 1.00000000e+02
9.70000000e+03 7.75872000e+00 -6.51330934e-05 3.55662720e+02 -9.26464000e+01 -8.62080000e+00 1.00000000e+02
9.80000000e+03 4.68288000e+00 -7.36368250e-05 3.56906880e+02 -9.53856000e+01 -5.20320000e+00 1.00000000e+02
9.90000000e+03 2.07936000e+00 -8.08950609e-05 3.58335360e+02 -9.78432000e+01 -2.31040000e+00 1.00000000e+02
1.00000000e+04 0.00000000e+00 -8.67761800e-05 3.60000000e+02 -1.00000000e+02 0.00000000e+00 1.00000000e+02
