0.999
0.998
0.998
0.999
0.999
0.999
0.999
0.999
0.999
0.999
0.999
0.999
0.999
0.999
0.999
0.999
0.999
0.999
0.999
0.999
0.999
0.999
0.998
0.998
0.998
0.998
0.998
0.998
0.998
0.998
0.998
0.998
0.998
0.998
0.998
0.998
0.998
0.998
0.998
0.998
0.998
0.998
0.998
0.998
0.998
0.998
0.998
0.998
0.998
0.998
0.998
0.998
0.998
0.998
0.998
0.998
0.998
0.998
0.998
0.998
0.998
0.998
0.998
0.998
0.998
0.998
0.998
0.998
0.998
0.998
0.998
0.998
0.998
0.998
0.998
0.998
0.998
0.998
0.998
0.997
0.997
0.997
0.997
0.997
0.997
0.996
0.996
0.995
0.995
0.994
0.993
0.993
0.992
0.992
0.991
0.991
0.991
0.990
0.991
0.991
0.993
0.994
0.996
0.998
0.999
0.999
0.998
0.995
0.990
0.980
0.966
0.947
0.921
0.889
0.849
0.801
0.744
0.676
0.600
0.517
0.426
0.329
0.228
0.125
0.016
-0.093
-0.203
-0.309
-0.409
-0.503
-0.588
-0.667
-0.738
-0.801
-0.853
-0.894
-0.923
-0.937
-0.941
-0.948
-0.963
-0.972
-0.936
-0.741
-0.299
0.168
0.523
0.631
0.612
0.582
0.557
0.574
0.559
0.551
0.543
0.544
0.523
0.525
0.575
0.624
0.620
0.608
0.685
0.731
0.725
0.727
0.779
0.820
0.837
0.871
0.905
0.874
0.837
0.806
0.772
0.715
0.682
0.692
0.742
0.792
0.822
0.849
0.885
0.916
0.920
0.930
0.938
0.937
0.926
0.929
0.940
0.954
0.961
0.962
0.962
0.961
0.971
0.970
0.964
0.959
0.977
0.987
0.980
0.978
0.989
0.998
0.995
0.993
0.996
0.999
1.000
1.000
1.000
1.000
1.000
1.000
1.000
1.000
1.000
0.996
0.995
0.997
0.997
0.995
0.995
0.997
0.997
0.997
0.997
0.997
0.999
0.999
0.999
0.999
0.999
0.999
1.000
0.999
0.999
0.999
0.999
0.998
0.998
0.997
0.994
0.994
0.994
0.995
0.993
0.992
0.993
0.993
0.993
0.994
0.995
0.995
0.994
0.994
0.995
0.992
0.989
0.986
0.985
0.989
0.994
0.997
0.999
1.000
1.000
1.000
1.000
1.000
1.000
1.000
1.000
1.000
1.000
1.000
0.999
0.999
1.000
1.000
0.999
0.997
0.998
0.999
0.999
0.999
0.998
0.997
0.996
0.998
0.998
0.997
0.997
0.999
0.999
0.999
0.999
0.998
0.998
0.999
0.999
1.000
1.000
1.000
1.000
1.000
1.000
0.998
0.997
0.996
0.996
0.996
0.995
0.994
0.993
0.993
0.992
0.992
0.990
0.989
0.988
0.987
0.986
0.983
0.980
0.981
0.983
0.982
0.980
0.980
0.980
0.978
0.974
0.969
0.963
0.953
0.934
0.911
0.884
0.840
0.768
0.669
0.608
0.681
0.930
0.990
0.997
0.996
0.996
0.999
1.000
1.000
1.000
1.000
1.000
1.000
1.000
1.000
1.000
1.000
0.999
1.000
1.000
0.999
0.999
0.999
0.999
0.999
1.000
1.000
0.999
0.999
0.999
1.000
0.999
0.999
0.998
0.999
0.999
0.998
0.998
0.997
0.997
0.997
0.997
0.997
0.997
0.997
0.996
0.996
0.996
0.996
0.995
0.995
0.995
0.993
0.992
0.991
0.990
0.989
0.988
0.987
0.983
0.977
0.970
0.958
0.930
0.816
-0.223
-0.910
-0.944
-0.938
-0.917
-0.885
-0.845
-0.796
-0.742
-0.680
-0.610
-0.533
-0.452
-0.365
-0.277
-0.189
-0.100
-0.012
0.074
0.154
0.231
0.303
0.370
0.432
0.486
0.534
0.574
0.609
0.639
0.664
0.688
0.709
0.729
0.747
0.762
0.772
0.779
0.783
0.786
0.788
0.790
0.791
0.791
0.791
0.790
0.789
0.789
0.788
0.788
0.788
0.788
0.788
0.788
0.789
0.789
0.791
0.792
0.793
0.795
0.797
0.799
0.801
0.803
0.805
0.807
0.809
0.812
0.814
0.816
0.819
0.822
0.824
0.827
0.830
0.833
0.836
0.839
0.842
0.846
0.849
0.853
0.856
0.859
0.862
0.864
0.868
0.872
0.876
0.881
0.887
0.894
0.903
0.913
0.925
0.939
0.952
0.967
0.980
0.990
0.998
1.000
0.996
0.984
0.965
0.935
0.896
0.844
0.784
0.712
0.629
0.538
0.435
0.329
0.214
0.103
-0.014
-0.129
-0.240
-0.348
-0.444
-0.538
-0.620
-0.697
-0.761
-0.813
-0.857
-0.891
-0.920
-0.943
-0.957
-0.970
-0.979
-0.983
-0.988
-0.993
-0.995
-0.986
-0.958
-0.957
-0.962
0.902
0.940
0.943
0.933
0.912
0.866
0.778
0.634
0.416
0.168
-0.089
-0.305
-0.454
-0.573
-0.652
-0.716
-0.759
-0.795
-0.820
-0.838
-0.852
-0.865
-0.879
-0.883
-0.884
-0.882
-0.880
-0.878
-0.876
-0.875
-0.876
-0.870
-0.866
-0.870
-0.866
-0.860
-0.858
-0.860
-0.858
-0.854
-0.851
-0.853
-0.852
-0.855
-0.855
-0.857
-0.859
-0.858
-0.856
-0.856
-0.860
-0.862
-0.863
-0.863
-0.866
-0.868
-0.867
-0.865
-0.868
-0.872
-0.871
-0.874
-0.888
-0.899
-0.892
-0.891
-0.898
-0.894
-0.889
-0.890
-0.894
-0.898
-0.895
-0.891
-0.886
-0.878
-0.865
-0.856
-0.848
-0.842
-0.852
-0.869
-0.881
-0.888
-0.889
-0.889
-0.881
-0.879
-0.874
-0.870
-0.865
-0.857
-0.847
-0.853
-0.847
-0.847
-0.848
-0.848
-0.846
-0.847
-0.843
-0.843
-0.837
-0.837
-0.834
-0.840
-0.831
-0.830
-0.824
-0.816
-0.795
-0.783
-0.763
-0.747
-0.744
-0.759
-0.774
-0.787
-0.797
-0.806
-0.800
-0.801
-0.799
-0.803
-0.801
-0.803
-0.807
-0.823
-0.833
-0.835
-0.838
-0.847
-0.841
-0.843
-0.844
-0.850
-0.856
-0.863
-0.867
-0.871
-0.870
-0.869
-0.871
-0.876
-0.881
-0.881
-0.878
-0.875
-0.865
-0.864
-0.855
-0.846
-0.836
-0.833
-0.832
-0.829
-0.837
-0.835
-0.835
-0.835
-0.841
-0.836
-0.834
-0.838
-0.831
-0.838
-0.829
-0.828
-0.828
-0.831
-0.821
-0.812
-0.807
-0.799
-0.786
-0.782
-0.779
-0.774
-0.762
-0.744
-0.730
-0.713
-0.690
-0.673
-0.650
-0.633
-0.617
-0.605
-0.585
-0.565
-0.542
-0.531
-0.535
-0.546
-0.573
-0.589
-0.620
-0.646
-0.667
-0.686
-0.702
-0.723
-0.739
-0.742
-0.755
-0.760
-0.764
-0.772
-0.782
-0.794
-0.806
-0.813
-0.821
-0.839
-0.856
-0.862
-0.865
-0.873
-0.883
-0.892
-0.897
-0.896
-0.893
-0.891
-0.888
-0.882
-0.869
-0.854
-0.835
-0.813
-0.788
-0.756
-0.722
-0.682
-0.636
-0.585
-0.525
-0.463
-0.396
-0.327
-0.252
-0.175
-0.094
-0.011
0.074
0.157
0.241
0.324
0.403
0.478
0.550
0.617
0.678
0.733
0.783
0.826
0.865
0.898
0.926
0.948
0.964
0.976
0.985
0.991
0.994
0.996
0.997
0.998
0.999
0.999
0.999
0.999
0.999
0.999
0.999
0.999
0.998
0.998
0.998
0.999
0.999
0.999
0.998
0.998
0.998
0.998
0.998
0.998
0.998
0.998
0.998
0.998
0.998
0.998
0.998
0.997
0.997
0.997
0.997
0.997
0.997
0.997
0.997
0.996
0.996
0.996
0.996
0.996
0.996
0.995
0.995
0.995
0.995
0.995
0.996
0.997
0.998
0.998
0.999
0.999
0.998
0.995
0.989
0.981
0.969
0.952
0.929
0.900
0.864
0.822
0.775
0.721
0.660
0.591
0.511
0.426
0.336
0.246
0.152
0.056
-0.045
-0.150
-0.246
-0.341
-0.429
-0.513
-0.594
-0.667
-0.735
-0.789
-0.839
-0.877
-0.906
-0.928
-0.944
-0.955
-0.967
-0.970
-0.977
-0.935
-0.726
-0.206
0.476
0.831
0.888
0.880
0.857
0.867
0.894
0.900
0.908
0.899
0.889
0.871
0.853
0.826
0.797
0.771
0.751
0.720
0.691
0.678
0.661
0.684
0.698
0.704
0.715
0.719
0.726
0.732
0.718
0.715
0.722
0.749
0.788
0.862
0.925
0.939
0.969
0.986
0.994
0.994
0.989
0.983
0.980
0.973
0.972
0.986
0.993
0.993
0.995
0.998
0.999
0.997
0.995
0.993
0.996
0.999
1.000
0.999
0.999
0.999
1.000
0.998
0.998
0.999
1.000
0.985
0.980
0.989
0.989
0.985
0.974
0.998
0.993
0.985
0.984
0.978
0.972
0.984
0.992
0.994
0.987
0.983
0.976
0.968
0.971
0.977
0.974
0.954
0.952
0.972
0.989
0.983
0.977
0.976
0.991
0.994
0.993
0.989
0.988
0.992
0.995
0.996
0.994
0.994
0.996
0.998
0.998
0.999
1.000
1.000
1.000
1.000
0.999
0.998
0.998
0.997
0.995
0.992
0.988
0.981
0.976
0.967
0.963
0.960
0.959
0.952
0.945
0.945
0.944
0.945
0.945
0.938
0.931
0.915
0.910
0.911
0.912
0.909
0.911
0.907
0.905
0.910
0.910
0.903
0.901
0.897
0.890
0.881
0.891
0.904
0.930
0.954
0.959
0.964
0.973
0.969
0.960
0.965
0.974
0.979
0.987
0.993
0.995
0.996
0.998
0.999
1.000
0.999
0.999
1.000
0.999
1.000
0.999
1.000
1.000
1.000
0.999
0.999
0.999
0.999
0.998
0.997
0.996
0.995
0.992
0.990
0.989
0.985
0.983
0.978
0.971
0.964
0.959
0.956
0.953
0.949
0.948
0.947
0.942
0.934
0.931
0.932
0.931
0.929
0.926
0.921
0.919
0.917
0.913
0.915
0.920
0.923
0.923
0.921
0.919
0.916
0.910
0.908
0.911
0.910
0.903
0.900
0.897
0.889
0.885
0.884
0.878
0.871
0.866
0.860
0.855
0.858
0.862
0.867
0.884
0.894
0.898
0.896
0.896
0.902
0.908
0.906
0.902
0.902
0.906
0.911
0.913
0.915
0.921
0.929
0.933
0.936
0.937
0.938
0.938
0.939
0.942
0.946
0.948
0.947
0.945
0.946
0.947
0.949
0.952
0.956
0.959
0.962
0.965
0.970
0.975
0.977
0.980
0.983
0.985
0.985
0.986
0.987
0.989
0.990
0.991
0.992
0.992
0.992
0.992
0.993
0.993
0.994
0.994
0.995
0.995
0.995
0.996
0.996
0.996
0.996
0.996
0.996
0.996
0.996
0.996
0.995
0.995
0.996
0.996
0.996
0.997
0.997
0.998
0.998
0.999
0.999
0.999
0.998
0.998
0.998
0.998
0.998
0.998
0.997
0.997
0.997
0.997
0.997
0.997
0.998
0.998
0.998
0.998
0.998
0.998
0.998
0.998
0.998
0.998
0.998
0.998
0.998
0.998
0.998
0.998
0.998
0.998
0.998
0.998
0.998
0.998
0.998
0.998
0.998
0.998
0.998
0.998
0.998
0.998
0.998
0.998
0.997
0.997
0.997
0.996
0.996
0.995
0.995
0.994
0.994
0.994
0.994
0.994
0.994
0.994
0.994
0.994
0.994
0.994
0.994
0.994
0.994
0.994
0.994
0.993
0.992
0.992
0.991
0.990
0.985
0.980
0.973
0.957
0.907
0.752
0.339
-0.256
-0.566
-0.711
-0.790
-0.839
-0.862
-0.881
-0.900
-0.910
-0.912
-0.908
-0.903
-0.894
-0.884
-0.876
-0.872
-0.869
-0.869
-0.869
-0.869
-0.868
-0.865
-0.867
-0.869
-0.870
-0.872
-0.879
-0.884
-0.887
-0.888
-0.888
-0.886
-0.882
-0.878
-0.876
-0.869
-0.865
-0.870
-0.862
-0.857
-0.861
-0.865
-0.865
-0.865
-0.867
-0.868
-0.866
-0.866
-0.864
-0.866
-0.864
-0.863
-0.861
-0.863
-0.863
-0.863
-0.861
-0.864
-0.862
-0.864
-0.867
-0.874
-0.877
-0.879
-0.889
-0.906
-0.901
-0.899
-0.905
-0.902
-0.895
-0.896
-0.898
-0.902
-0.897
-0.891
-0.882
-0.872
-0.860
-0.855
-0.845
-0.848
-0.859
-0.871
-0.880
-0.885
-0.885
-0.877
-0.874
-0.865
-0.861
-0.853
-0.848
-0.848
-0.849
-0.850
-0.855
-0.855
-0.853
-0.855
-0.851
-0.850
-0.846
-0.843
-0.843
-0.835
-0.831
-0.827
-0.813
-0.794
-0.789
-0.774
-0.770
-0.779
-0.800
-0.812
-0.826
-0.835
-0.834
-0.840
-0.842
-0.848
-0.852
-0.859
-0.874
-0.884
-0.891
-0.898
-0.908
-0.909
-0.914
-0.914
-0.915
-0.914
-0.916
-0.912
-0.904
-0.897
-0.898
-0.902
-0.907
-0.910
-0.907
-0.902
-0.898
-0.894
-0.886
-0.877
-0.870
-0.861
-0.858
-0.848
-0.848
-0.852
-0.841
-0.845
-0.834
-0.844
-0.842
-0.849
-0.861
-0.866
-0.862
-0.849
-0.837
-0.805
-0.788
-0.772
-0.755
-0.733
-0.713
-0.696
-0.670
-0.651
-0.624
-0.604
-0.583
-0.558
-0.530
-0.513
-0.496
-0.510
-0.534
-0.578
-0.613
-0.664
-0.721
-0.768
-0.807
-0.839
-0.865
-0.886
-0.902
-0.914
-0.924
-0.931
-0.938
-0.942
-0.945
-0.947
-0.947
-0.950
-0.953
-0.956
-0.958
-0.960
-0.962
-0.964
-0.965
-0.967
-0.969
-0.970
-0.972
-0.974
-0.975
-0.976
-0.976
-0.976
-0.977
-0.978
-0.978
-0.979
-0.981
-0.982
-0.982
-0.981
-0.982
-0.985
-0.987
-0.988
-0.989
-0.990
-0.990
-0.984
-0.972
-0.960
-0.954
-0.946
-0.939
-0.936
-0.928
-0.901
-0.860
-0.817
-0.785
-0.781
-0.794
-0.791
-0.783
-0.795
-0.866
-0.945
-0.980
-0.972
-0.954
-0.976
-0.997
-0.993
-0.996
-0.996
-0.987
-0.970
-0.985
-0.994
-0.996
-0.979
-0.950
-0.948
-0.937
-0.905
-0.896
-0.911
-0.894
-0.904
-0.876
-0.877
-0.879
-0.897
-0.908
-0.917
-0.931
-0.946
-0.957
-0.961
-0.959
-0.967
-0.936
-0.909
-0.909
-0.890
-0.853
-0.849
-0.888
-0.902
-0.912
-0.918
-0.896
-0.869
-0.838
-0.789
-0.742
-0.746
-0.742
-0.711
-0.689
-0.682
-0.682
-0.713
-0.720
-0.773
-0.789
-0.816
-0.819
-0.823
-0.840
-0.860
-0.853
-0.855
-0.798
-0.755
-0.728
-0.723
-0.719
-0.710
-0.672
-0.589
-0.481
-0.441
-0.365
-0.288
-0.248
-0.176
-0.078
0.022
0.112
0.183
0.259
0.321
0.427
0.521
0.586
0.647
0.686
0.700
0.724
0.753
0.788
0.824
0.858
0.875
0.887
0.895
0.921
0.943
0.948
0.956
0.957
0.957
0.961
0.968
0.973
0.979
0.982
0.995
0.996
0.994
0.994
0.990
0.977
0.977
0.981
0.976
0.976
0.974
0.973
0.964
0.955
0.956
0.952
0.954
0.965
0.967
0.972
0.973
0.970
0.963
0.958
0.972
0.983
0.990
0.992
0.991
0.991
0.991
0.991
0.992
0.997
0.993
0.991
0.992
0.992
0.995
0.994
0.993
0.999
1.000
0.997
0.995
0.986
0.991
0.995
1.000
1.000
1.000
0.999
0.997
0.994
0.994
0.995
0.998
0.999
0.999
1.000
0.999
0.998
0.997
0.995
0.991
0.991
0.992
0.992
0.985
0.982
0.986
0.976
0.987
0.995
0.994
0.997
0.999
0.999
0.999
0.998
0.999
0.999
0.998
0.995
0.990
0.984
0.978
0.975
0.974
0.966
0.958
0.948
0.930
0.904
0.872
0.844
0.815
0.772
0.697
0.587
0.419
0.202
-0.053
-0.295
-0.505
-0.652
-0.758
-0.821
-0.858
-0.876
-0.896
-0.906
-0.915
-0.917
-0.914
-0.917
-0.921
-0.926
-0.930
-0.933
-0.937
-0.942
-0.950
-0.959
-0.967
-0.974
-0.978
-0.980
-0.979
-0.963
-0.168
0.923
0.956
0.969
0.977
0.983
0.985
0.987
0.987
0.985
0.985
0.984
0.984
0.983
0.985
0.985
0.986
0.986
0.985
0.984
0.984
0.985
0.986
0.987
0.987
0.988
0.989
0.989
0.989
0.988
0.988
0.988
0.988
0.988
0.987
0.988
0.989
0.990
0.991
0.993
0.994
0.995
0.995
0.996
0.996
0.996
0.995
0.995
0.995
0.996
0.996
0.996
0.997
0.997
0.997
0.996
0.997
0.997
0.997
0.997
0.997
0.997
0.997
0.997
0.997
0.997
0.997
0.996
0.997
0.997
0.997
0.997
0.997
0.997
0.996
0.995
0.996
0.996
0.996
0.996
0.996
0.996
0.996
0.996
0.996
0.996
0.996
0.996
0.995
0.996
0.995
0.995
0.996
0.996
0.996
0.995
0.995
0.995
0.996
0.996
0.995
0.996
0.996
0.996
0.996
0.996
0.996
0.996
0.996
0.996
0.996
0.996
0.996
0.996
0.996
0.996
0.996
0.995
0.994
0.994
0.995
0.995
0.996
0.996
0.995
0.995
0.995
0.994
0.994
0.994
0.995
0.995
0.995
0.995
0.994
0.994
0.994
0.994
0.995
0.995
0.995
0.995
0.995
0.995
0.995
0.995
0.995
0.995
0.995
0.995
0.995
0.995
0.995
0.995
0.995
0.995
0.995
0.995
0.995
0.995
0.995
0.995
0.995
0.995
0.995
0.995
0.995
0.995
0.995
0.995
0.995
0.995
0.994
0.994
0.994
0.994
0.995
0.995
0.994
0.994
0.995
0.995
0.995
0.995
0.995
0.995
0.995
0.995
0.995
0.995
0.995
0.995
0.995
0.995
0.995
0.995
0.995
0.995
0.995
0.995
0.996
0.996
0.996
0.996
0.996
0.996
0.997
0.997
0.997
0.997
0.998
0.998
0.998
0.998
0.998
0.998
0.998
0.998
0.998
0.998
0.998
0.998
0.998
0.998
0.998
0.998
0.998
0.997
0.997
0.997
0.997
0.997
0.997
0.997
0.996
0.996
0.996
0.996
0.996
0.996
0.995
0.995
0.995
0.995
0.995
0.995
0.995
0.994
0.994
0.994
0.994
0.994
0.994
0.994
0.994
0.994
0.995
0.995
0.995
0.994
0.994
0.994
0.994
0.994
0.995
0.995
0.995
0.994
0.994
0.994
0.994
0.994
0.994
0.994
0.994
0.995
0.995
0.995
0.995
0.994
0.993
0.993
0.992
0.992
0.992
0.991
0.991
0.991
0.991
0.990
0.989
0.988
0.984
0.979
0.965
0.933
0.797
0.316
-0.536
-0.843
-0.908
-0.916
-0.910
-0.898
-0.886
-0.870
-0.851
-0.828
-0.800
-0.769
-0.736
-0.702
-0.664
-0.625
-0.583
-0.548
-0.518
-0.490
-0.464
-0.440
-0.420
-0.404
-0.392
-0.384
-0.380
-0.377
-0.376
-0.375
-0.376
-0.379
-0.382
-0.387
-0.392
-0.398
-0.405
-0.412
-0.420
-0.428
-0.438
-0.448
-0.458
-0.469
-0.478
-0.488
-0.499
-0.510
-0.521
-0.533
-0.545
-0.556
-0.565
-0.575
-0.584
-0.591
-0.597
-0.599
-0.600
-0.602
-0.604
-0.607
-0.610
-0.612
-0.612
-0.611
-0.611
-0.611
-0.612
-0.613
-0.613
-0.613
-0.614
-0.613
-0.614
-0.615
-0.615
-0.614
-0.613
-0.611
-0.610
-0.611
-0.612
-0.613
-0.616
-0.622
-0.631
-0.641
-0.651
-0.662
-0.674
-0.687
-0.699
-0.711
-0.722
-0.731
-0.739
-0.744
-0.751
-0.759
-0.764
-0.772
-0.778
-0.783
-0.786
-0.790
-0.795
-0.800
-0.806
-0.813
-0.820
-0.827
-0.834
-0.842
-0.850
-0.857
-0.865
-0.872
-0.879
-0.884
-0.890
-0.895
-0.898
-0.900
-0.900
-0.899
-0.900
-0.903
-0.905
-0.906
-0.906
-0.906
-0.906
-0.907
-0.907
-0.909
-0.911
-0.913
-0.913
-0.912
-0.912
-0.909
-0.902
-0.899
-0.899
-0.900
-0.907
-0.903
-0.906
-0.905
-0.905
-0.905
-0.907
-0.916
-0.920
-0.922
-0.924
-0.920
-0.916
-0.913
-0.912
-0.907
-0.903
-0.900
-0.898
-0.890
-0.886
-0.884
-0.879
-0.877
-0.878
-0.876
-0.877
-0.872
-0.870
-0.862
-0.860
-0.850
-0.847
-0.844
-0.847
-0.852
-0.847
-0.842
-0.838
-0.846
-0.853
-0.849
-0.847
-0.852
-0.851
-0.848
-0.833
-0.818
-0.800
-0.783
-0.773
-0.768
-0.773
-0.760
-0.755
-0.742
-0.749
-0.740
-0.739
-0.743
-0.764
-0.785
-0.813
-0.836
-0.850
-0.857
-0.863
-0.873
-0.882
-0.887
-0.886
-0.882
-0.875
-0.867
-0.862
-0.857
-0.851
-0.846
-0.841
-0.840
-0.844
-0.852
-0.864
-0.908
-0.958
-0.050
0.027
-0.363
-0.670
-0.702
-0.702
-0.704
-0.676
-0.663
-0.699
-0.729
-0.737
-0.753
-0.781
-0.794
-0.792
-0.798
-0.807
-0.812
-0.818
-0.829
-0.828
-0.830
-0.837
-0.846
-0.843
-0.838
-0.836
-0.826
-0.817
-0.821
-0.808
-0.803
-0.803
-0.774
-0.770
-0.761
-0.765
-0.723
-0.731
-0.731
-0.728
-0.707
-0.720
-0.823
-0.861
-0.813
-0.761
-0.732
-0.726
-0.724
-0.732
-0.733
-0.745
-0.753
-0.761
-0.765
-0.765
-0.764
-0.763
-0.760
-0.752
-0.743
-0.734
-0.718
-0.700
-0.680
-0.656
-0.627
-0.593
-0.553
-0.510
-0.460
-0.405
-0.345
-0.279
-0.207
-0.130
-0.049
0.035
0.121
0.205
0.289
0.371
0.449
0.523
0.592
0.656
0.714
0.764
0.808
0.845
0.878
0.907
0.930
0.950
0.964
0.976
0.984
0.990
0.994
0.997
0.998
0.999
0.999
0.999
0.999
0.999
0.999
0.999
0.999
0.999
0.999
0.999
0.999
0.999
0.999
0.999
0.998
0.998
0.998
0.998
0.998
0.998
0.998
0.998
0.998
0.997
0.997
0.997
0.997
0.997
0.998
0.998
0.998
0.998
0.997
0.997
0.997
0.997
0.997
0.998
0.998
0.998
0.997
0.997
0.997
0.997
0.997
0.997
0.997
0.997
0.997
0.997
0.997
0.997
0.997
0.997
0.997
0.997
0.997
0.997
0.997
0.997
0.997
0.998
0.998
0.998
0.998
0.998
0.998
0.998
0.998
0.999
0.999
0.999
0.999
0.999
0.998
0.998
0.998
0.999
0.999
0.999
0.999
0.999
0.999
0.999
0.999
0.999
0.999
0.999
0.998
0.998
0.998
0.998
0.998
0.998
0.998
0.998
0.998
0.998
0.998
0.998
0.997
0.997
0.997
0.997
0.997
0.997
0.997
0.997
0.997
0.997
0.997
0.996
0.996
0.996
0.997
0.997
0.997
0.997
0.997
0.997
0.998
0.998
0.998
0.998
0.998
0.998
0.998
0.998
0.999
0.998
0.998
0.998
0.998
0.998
0.998
0.998
0.998
0.998
0.998
0.998
0.998
0.998
0.998
0.997
0.997
0.997
0.997
0.997
0.997
0.997
0.997
0.997
0.998
0.998
0.997
0.997
0.997
0.998
0.998
0.998
0.998
0.998
0.998
0.998
0.998
0.998
0.998
0.998
0.999
0.999
0.998
0.998
0.998
0.999
0.999
0.998
0.998
0.998
0.998
0.999
0.999
0.999
0.999
0.999
0.999
0.999
0.999
0.998
0.998
0.997
0.997
0.997
0.997
0.997
0.996
0.996
0.995
0.994
0.994
0.994
0.994
0.994
0.994
0.994
0.994
0.995
0.995
0.995
0.996
0.996
0.996
0.996
0.996
0.995
0.996
0.996
0.996
0.997
0.997
0.997
0.997
0.996
0.996
0.996
0.996
0.997
0.997
0.997
0.997
0.997
0.997
0.997
0.997
0.997
0.997
0.996
0.996
0.996
0.996
0.996
0.996
0.996
0.996
0.996
0.995
0.995
0.995
0.996
0.996
0.996
0.996
0.996
0.997
0.997
0.997
0.998
0.998
0.999
0.999
0.999
0.999
0.999
0.999
0.999
0.999
0.999
0.999
0.999
0.998
0.997
0.997
0.997
0.996
0.995
0.994
0.994
0.993
0.992
0.991
0.991
0.990
0.989
0.988
0.987
0.987
0.986
0.986
0.986
0.986
0.986
0.986
0.986
0.986
0.986
0.987
0.987
0.987
0.987
0.988
0.988
0.988
0.989
0.989
0.990
0.990
0.990
0.991
0.991
0.991
0.992
0.993
