0.945
0.945
0.945
0.945
0.944
0.943
0.941
0.938
0.934
0.929
0.923
0.915
0.905
0.892
0.878
0.860
0.841
0.819
0.796
0.770
0.743
0.714
0.685
0.655
0.626
0.597
0.570
0.544
0.521
0.500
0.483
0.470
0.458
0.449
0.442
0.436
0.432
0.430
0.429
0.429
0.431
0.433
0.436
0.440
0.444
0.448
0.453
0.458
0.463
0.468
0.474
0.481
0.489
0.498
0.509
0.520
0.533
0.545
0.559
0.572
0.585
0.598
0.611
0.623
0.635
0.646
0.658
0.669
0.679
0.690
0.700
0.710
0.721
0.732
0.743
0.754
0.765
0.775
0.785
0.794
0.802
0.809
0.816
0.822
0.828
0.833
0.838
0.842
0.846
0.850
0.854
0.858
0.862
0.865
0.868
0.871
0.873
0.875
0.876
0.877
0.877
0.877
0.876
0.875
0.874
0.873
0.871
0.870
0.869
0.869
0.869
0.869
0.869
0.870
0.870
0.870
0.871
0.871
0.871
0.871
0.870
0.869
0.868
0.867
0.866
0.864
0.863
0.861
0.860
0.858
0.856
0.854
0.853
0.851
0.849
0.846
0.844
0.841
0.839
0.836
0.833
0.830
0.827
0.824
0.821
0.818
0.815
0.813
0.810
0.808
0.806
0.805
0.804
0.803
0.802
0.802
0.802
0.802
0.803
0.805
0.808
0.812
0.818
0.826
0.836
0.847
0.860
0.875
0.890
0.906
0.921
0.936
0.950
0.962
0.973
0.981
0.987
0.992
0.995
0.997
0.998
0.998
0.997
0.997
0.995
0.991
0.986
0.978
0.967
0.953
0.937
0.917
0.896
0.873
0.850
0.829
0.810
0.793
0.781
0.772
0.769
0.770
0.773
0.779
0.787
0.797
0.808
0.820
0.833
0.846
0.860
0.873
0.887
0.900
0.913
0.925
0.936
0.946
0.955
0.963
0.969
0.975
0.980
0.984
0.988
0.991
0.993
0.995
0.997
0.998
0.999
0.999
0.999
1.000
1.000
1.000
1.000
0.999
0.999
0.999
0.998
0.997
0.996
0.995
0.993
0.992
0.990
0.989
0.987
0.986
0.985
0.984
0.984
0.984
0.984
0.984
0.985
0.986
0.986
0.986
0.986
0.986
0.985
0.983
0.981
0.978
0.974
0.970
0.966
0.961
0.956
0.951
0.946
0.942
0.938
0.934
0.932
0.929
0.928
0.927
0.927
0.928
0.929
0.930
0.932
0.933
0.934
0.933
0.932
0.929
0.924
0.916
0.906
0.893
0.876
0.858
0.838
0.818
0.799
0.783
0.771
0.764
0.761
0.761
0.764
0.768
0.773
0.778
0.783
0.787
0.791
0.794
0.797
0.800
0.803
0.806
0.810
0.814
0.819
0.825
0.831
0.837
0.843
0.850
0.856
0.862
0.868
0.873
0.877
0.880
0.883
0.884
0.885
0.885
0.886
0.885
0.885
0.884
0.883
0.882
0.880
0.879
0.878
0.876
0.875
0.873
0.872
0.871
0.869
0.868
0.866
0.865
0.862
0.860
0.857
0.853
0.850
0.845
0.841
0.837
0.832
0.827
0.822
0.818
0.813
0.809
0.804
0.801
0.797
0.794
0.792
0.790
0.788
0.787
0.786
0.786
0.785
0.785
0.786
0.786
0.787
