0.939
0.939
0.939
0.940
0.940
0.941
0.942
0.943
0.944
0.944
0.945
0.945
0.944
0.943
0.942
0.940
0.937
0.934
0.929
0.923
0.915
0.905
0.892
0.878
0.860
0.841
0.819
0.796
0.770
0.743
0.714
0.685
0.655
0.626
0.597
0.570
0.544
0.521
0.501
0.484
0.470
0.458
0.449
0.441
0.435
0.431
0.429
0.428
0.429
0.431
0.434
0.438
0.442
0.446
0.450
0.455
0.459
0.463
0.467
0.472
0.478
0.487
0.498
0.509
0.521
0.533
0.546
0.559
0.572
0.585
0.598
0.610
0.622
0.633
0.645
0.656
0.667
0.678
0.689
0.701
0.711
0.722
0.733
0.744
0.755
0.765
0.775
0.784
0.793
0.801
0.808
0.815
0.821
0.827
0.832
0.837
0.842
0.846
0.851
0.855
0.858
0.862
0.865
0.868
0.871
0.874
0.875
0.877
0.878
0.878
0.877
0.876
0.875
0.873
0.872
0.870
0.869
0.868
0.868
0.869
0.869
0.870
0.870
0.871
0.871
0.872
0.872
0.872
0.872
0.872
0.872
0.871
0.869
0.867
0.865
0.863
0.861
0.858
0.855
0.853
0.853
0.852
0.850
0.848
0.845
0.842
0.838
0.835
0.831
0.828
0.825
0.822
0.819
0.817
0.816
0.815
0.814
0.815
0.815
0.815
0.810
0.804
0.799
0.795
0.792
0.790
0.789
0.788
0.789
0.791
0.794
0.799
0.805
0.812
0.822
0.833
0.847
0.862
0.880
0.904
0.934
0.962
0.981
0.993
0.998
1.000
0.998
0.995
0.992
0.991
0.990
0.991
0.993
0.997
0.999
1.000
0.995
0.981
0.955
0.919
0.884
0.852
0.820
0.790
0.764
0.741
0.724
0.711
0.703
0.700
0.702
0.708
0.719
0.734
0.753
0.775
0.800
0.826
0.854
0.878
0.892
0.903
0.913
0.923
0.932
0.941
0.950
0.957
0.964
0.970
0.976
0.981
0.984
0.988
0.990
0.992
0.994
0.995
0.996
0.997
0.999
0.999
0.999
0.999
0.999
0.999
0.999
0.999
0.999
1.000
1.000
0.999
0.999
0.997
0.995
0.992
0.988
0.983
0.976
0.972
0.975
0.980
0.985
0.988
0.991
0.992
0.993
0.994
0.994
0.994
0.993
0.992
0.991
0.990
0.988
0.985
0.982
0.977
0.971
0.962
0.950
0.938
0.928
0.920
0.915
0.911
0.909
0.908
0.908
0.909
0.910
0.912
0.915
0.918
0.921
0.924
0.927
0.929
0.928
0.924
0.914
0.895
0.870
0.839
0.803
0.767
0.732
0.702
0.678
0.663
0.657
0.661
0.672
0.691
0.712
0.735
0.756
0.773
0.786
0.794
0.798
0.801
0.804
0.806
0.809
0.812
0.816
0.821
0.826
0.832
0.838
0.844
0.851
0.857
0.863
0.868
0.873
0.877
0.880
0.882
0.883
0.884
0.885
0.885
0.884
0.884
0.883
0.882
0.881
0.879
0.878
0.876
0.875
0.873
0.872
0.871
0.869
0.868
0.867
0.866
0.865
0.863
0.861
0.858
0.854
0.850
0.846
0.842
0.837
0.833
0.828
0.823
0.818
0.814
0.809
0.805
0.801
0.797
0.794
0.791
0.789
0.788
0.787
0.786
0.785
0.785
0.785
0.786
0.786
0.787
0.787
0.788
0.789
0.790
0.791
0.792
0.792
0.793
0.793
