0.00000000e+00 0.00000000e+00 0.00000000e+00 0.00000000e+00 0.00000000e+00 -1.00000000e+02 1.00000000e+02
1.00000000e+02 0.00000000e+00 0.00000000e+00 0.00000000e+00 1.07840000e+00 -1.00000000e+02 1.00000000e+02
2.00000000e+02 0.00000000e+00 0.00000000e+00 0.00000000e+00 2.30720000e+00 -1.00000000e+02 1.00000000e+02
3.00000000e+02 0.00000000e+00 0.00000000e+00 0.00000000e+00 3.67680000e+00 -1.00000000e+02 1.00000000e+02
4.00000000e+02 0.00000000e+00 0.00000000e+00 0.00000000e+00 5.17760000e+00 -1.00000000e+02 1.00000000e+02
5.00000000e+02 0.00000000e+00 0.00000000e+00 0.00000000e+00 6.80000000e+00 -1.00000000e+02 1.00000000e+02
6.00000000e+02 0.00000000e+00 0.00000000e+00 0.00000000e+00 8.53440000e+00 -1.00000000e+02 1.00000000e+02
7.00000000e+02 0.00000000e+00 0.00000000e+00 0.00000000e+00 1.03712000e+01 -1.00000000e+02 1.00000000e+02
8.00000000e+02 0.00000000e+00 0.00000000e+00 0.00000000e+00 1.23008000e+01 -1.00000000e+02 1.00000000e+02
9.00000000e+02 0.00000000e+00 0.00000000e+00 0.00000000e+00 1.43136000e+01 -1.00000000e+02 1.00000000e+02
1.00000000e+03 0.00000000e+00 0.00000000e+00 0.00000000e+00 1.64000000e+01 -1.00000000e+02 1.00000000e+02
1.10000000e+03 0.00000000e+00 0.00000000e+00 0.00000000e+00 1.85504000e+01 -1.00000000e+02 1.00000000e+02
1.20000000e+03 0.00000000e+00 0.00000000e+00 0.00000000e+00 2.07552000e+01 -1.00000000e+02 1.00000000e+02
1.30000000e+03 0.00000000e+00 0.00000000e+00 0.00000000e+00 2.30048000e+01 -1.00000000e+02 1.00000000e+02
1.40000000e+03 0.00000000e+00 0.00000000e+00 0.00000000e+00 2.52896000e+01 -1.00000000e+02 1.00000000e+02
1.50000000e+03 0.00000000e+00 0.00000000e+00 0.00000000e+00 2.76000000e+01 -1.00000000e+02 1.00000000e+02
1.60000000e+03 0.00000000e+00 0.00000000e+00 0.00000000e+00 2.99264000e+01 -1.00000000e+02 1.00000000e+02
1.70000000e+03 0.00000000e+00 0.00000000e+00 0.00000000e+00 3.22592000e+01 -1.00000000e+02 1.00000000e+02
1.80000000e+03 0.00000000e+00 0.00000000e+00 0.00000000e+00 3.45888000e+01 -1.00000000e+02 1.00000000e+02
1.90000000e+03 0.00000000e+00 0.00000000e+00 0.00000000e+00 3.69056000e+01 -1.00000000e+02 1.00000000e+02
2.00000000e+03 0.00000000e+00 0.00000000e+00 0.00000000e+00 3.92000000e+01 -1.00000000e+02 1.00000000e+02
2.10000000e+03 0.00000000e+00 0.00000000e+00 0.00000000e+00 4.14624000e+01 -1.00000000e+02 1.00000000e+02
2.20000000e+03 0.00000000e+00 0.00000000e+00 0.00000000e+00 4.36832000e+01 -1.00000000e+02 1.00000000e+02
2.30000000e+03 0.00000000e+00 0.00000000e+00 0.00000000e+00 4.58528000e+01 -1.00000000e+02 1.00000000e+02
2.40000000e+03 0.00000000e+00 0.00000000e+00 0.00000000e+00 4.79616000e+01 -1.00000000e+02 1.00000000e+02
2.50000000e+03 0.00000000e+00 0.00000000e+00 0.00000000e+00 5.00000000e+01 -1.00000000e+02 1.00000000e+02
2.60000000e+03 0.00000000e+00 0.00000000e+00 0.00000000e+00 5.20000000e+01 -1.00000000e+02 1.00000000e+02
2.70000000e+03 0.00000000e+00 0.00000000e+00 0.00000000e+00 5.40000000e+01 -1.00000000e+02 1.00000000e+02
2.80000000e+03 0.00000000e+00 0.00000000e+00 0.00000000e+00 5.60000000e+01 -1.00000000e+02 1.00000000e+02
2.90000000e+03 0.00000000e+00 0.00000000e+00 0.00000000e+00 5.80000000e+01 -1.00000000e+02 1.00000000e+02
3.00000000e+03 0.00000000e+00 0.00000000e+00 0.00000000e+00 6.00000000e+01 -1.00000000e+02 1.00000000e+02
3.10000000e+03 0.00000000e+00 0.00000000e+00 0.00000000e+00 6.20000000e+01 -1.00000000e+02 1.00000000e+02
3.20000000e+03 0.00000000e+00 0.00000000e+00 0.00000000e+00 6.40000000e+01 -1.00000000e+02 1.00000000e+02
3.30000000e+03 0.00000000e+00 0.00000000e+00 0.00000000e+00 6.60000000e+01 -1.00000000e+02 1.00000000e+02
3.40000000e+03 0.00000000e+00 0.00000000e+00 0.00000000e+00 6.80000000e+01 -1.00000000e+02 1.00000000e+02
3.50000000e+03 0.00000000e+00 0.00000000e+00 0.00000000e+00 7.00000000e+01 -1.00000000e+02 1.00000000e+02
3.60000000e+03 0.00000000e+00 0.00000000e+00 0.00000000e+00 7.20000000e+01 -1.00000000e+02 1.00000000e+02
3.70000000e+03 0.00000000e+00 0.00000000e+00 0.00000000e+00 7.40000000e+01 -1.00000000e+02 1.00000000e+02
3.80000000e+03 0.00000000e+00 0.00000000e+00 0.00000000e+00 7.60000000e+01 -1.00000000e+02 1.00000000e+02
3.90000000e+03 0.00000000e+00 0.00000000e+00 0.00000000e+00 7.80000000e+01 -1.00000000e+02 1.00000000e+02
4.00000000e+03 0.00000000e+00 0.00000000e+00 0.00000000e+00 8.00000000e+01 -1.00000000e+02 1.00000000e+02
4.10000000e+03 0.00000000e+00 0.00000000e+00 0.00000000e+00 8.20000000e+01 -1.00000000e+02 1.00000000e+02
4.20000000e+03 0.00000000e+00 0.00000000e+00 0.00000000e+00 8.40000000e+01 -1.00000000e+02 1.00000000e+02
4.30000000e+03 0.00000000e+00 0.00000000e+00 0.00000000e+00 8.60000000e+01 -1.00000000e+02 1.00000000e+02
4.40000000e+03 0.00000000e+00 0.00000000e+00 0.00000000e+00 8.80000000e+01 -1.00000000e+02 1.00000000e+02
4.50000000e+03 0.00000000e+00 0.00000000e+00 0.00000000e+00 9.00000000e+01 -1.00000000e+02 1.00000000e+02
4.60000000e+03 0.00000000e+00 0.00000000e+00 0.00000000e+00 9.20000000e+01 -1.00000000e+02 1.00000000e+02
4.70000000e+03 0.00000000e+00 0.00000000e+00 0.00000000e+00 9.40000000e+01 -1.00000000e+02 1.00000000e+02
4.80000000e+03 0.00000000e+00 0.00000000e+00 0.00000000e+00 9.60000000e+01 -1.00000000e+02 1.00000000e+02
4.90000000e+03 0.00000000e+00 0.00000000e+00 0.00000000e+00 9.80000000e+01 -1.00000000e+02 1.00000000e+02
5.00000000e+03 0.00000000e+00 0.00000000e+00 0.00000000e+00 1.00000000e+02 -1.00000000e+02 1.00000000e+02
5.10000000e+03 0.00000000e+00 0.00000000e+00 0.00000000e+00 1.02000000e+02 -1.00000000e+02 1.00000000e+02
5.20000000e+03 0.00000000e+00 0.00000000e+00 0.00000000e+00 1.04000000e+02 -1.00000000e+02 1.00000000e+02
5.30000000e+03 0.00000000e+00 0.00000000e+00 0.00000000e+00 1.06000000e+02 -1.00000000e+02 1.00000000e+02
5.40000000e+03 0.00000000e+00 0.00000000e+00 0.00000000e+00 1.08000000e+02 -1.00000000e+02 1.00000000e+02
5.50000000e+03 0.00000000e+00 0.00000000e+00 0.00000000e+00 1.10000000e+02 -1.00000000e+02 1.00000000e+02
5.60000000e+03 0.00000000e+00 0.00000000e+00 0.00000000e+00 1.12000000e+02 -1.00000000e+02 1.00000000e+02
5.70000000e+03 0.00000000e+00 0.00000000e+00 0.00000000e+00 1.14000000e+02 -1.00000000e+02 1.00000000e+02
5.80000000e+03 0.00000000e+00 0.00000000e+00 0.00000000e+00 1.16000000e+02 -1.00000000e+02 1.00000000e+02
5.90000000e+03 0.00000000e+00 0.00000000e+00 0.00000000e+00 1.18000000e+02 -1.00000000e+02 1.00000000e+02
6.00000000e+03 0.00000000e+00 0.00000000e+00 0.00000000e+00 1.20000000e+02 -1.00000000e+02 1.00000000e+02
6.10000000e+03 0.00000000e+00 0.00000000e+00 0.00000000e+00 1.22000000e+02 -1.00000000e+02 1.00000000e+02
6.20000000e+03 0.00000000e+00 0.00000000e+00 0.00000000e+00 1.24000000e+02 -1.00000000e+02 1.00000000e+02
6.30000000e+03 0.00000000e+00 0.00000000e+00 0.00000000e+00 1.26000000e+02 -1.00000000e+02 1.00000000e+02
6.40000000e+03 0.00000000e+00 0.00000000e+00 0.00000000e+00 1.28000000e+02 -1.00000000e+02 1.00000000e+02
6.50000000e+03 0.00000000e+00 0.00000000e+00 0.00000000e+00 1.30000000e+02 -1.00000000e+02 1.00000000e+02
6.60000000e+03 0.00000000e+00 0.00000000e+00 0.00000000e+00 1.32000000e+02 -1.00000000e+02 1.00000000e+02
6.70000000e+03 0.00000000e+00 0.00000000e+00 0.00000000e+00 1.34000000e+02 -1.00000000e+02 1.00000000e+02
6.80000000e+03 0.00000000e+00 0.00000000e+00 0.00000000e+00 1.36000000e+02 -1.00000000e+02 1.00000000e+02
6.90000000e+03 0.00000000e+00 0.00000000e+00 0.00000000e+00 1.38000000e+02 -1.00000000e+02 1.00000000e+02
7.00000000e+03 0.00000000e+00 0.00000000e+00 0.00000000e+00 1.40000000e+02 -1.00000000e+02 1.00000000e+02
7.10000000e+03 0.00000000e+00 0.00000000e+00 0.00000000e+00 1.42000000e+02 -1.00000000e+02 1.00000000e+02
7.20000000e+03 0.00000000e+00 0.00000000e+00 0.00000000e+00 1.44000000e+02 -1.00000000e+02 1.00000000e+02
7.30000000e+03 0.00000000e+00 0.00000000e+00 0.00000000e+00 1.46000000e+02 -1.00000000e+02 1.00000000e+02
7.40000000e+03 0.00000000e+00 0.00000000e+00 0.00000000e+00 1.48000000e+02 -1.00000000e+02 1.00000000e+02
7.50000000e+03 0.00000000e+00 0.00000000e+00 0.00000000e+00 1.50000000e+02 -1.00000000e+02 1.00000000e+02
7.60000000e+03 0.00000000e+00 0.00000000e+00 0.00000000e+00 1.52000000e+02 -1.00000000e+02 1.00000000e+02
7.70000000e+03 0.00000000e+00 0.00000000e+00 0.00000000e+00 1.54000000e+02 -1.00000000e+02 1.00000000e+02
7.80000000e+03 0.00000000e+00 0.00000000e+00 0.00000000e+00 1.56000000e+02 -1.00000000e+02 1.00000000e+02
7.90000000e+03 0.00000000e+00 0.00000000e+00 0.00000000e+00 1.58000000e+02 -1.00000000e+02 1.00000000e+02
8.00000000e+03 0.00000000e+00 0.00000000e+00 0.00000000e+00 1.60000000e+02 -1.00000000e+02 1.00000000e+02
8.10000000e+03 0.00000000e+00 0.00000000e+00 0.00000000e+00 1.62000000e+02 -1.00000000e+02 1.00000000e+02
8.20000000e+03 0.00000000e+00 0.00000000e+00 0.00000000e+00 1.64000000e+02 -1.00000000e+02 1.00000000e+02
8.30000000e+03 0.00000000e+00 0.00000000e+00 0.00000000e+00 1.66000000e+02 -1.00000000e+02 1.00000000e+02
8.40000000e+03 0.00000000e+00 0.00000000e+00 0.00000000e+00 1.68000000e+02 -1.00000000e+02 1.00000000e+02
8.50000000e+03 0.00000000e+00 0.00000000e+00 0.00000000e+00 1.70000000e+02 -1.00000000e+02 1.00000000e+02
8.60000000e+03 0.00000000e+00 0.00000000e+00 0.00000000e+00 1.72000000e+02 -1.00000000e+02 1.00000000e+02
8.70000000e+03 0.00000000e+00 0.00000000e+00 0.00000000e+00 1.74000000e+02 -1.00000000e+02 1.00000000e+02
8.80000000e+03 0.00000000e+00 0.00000000e+00 0.00000000e+00 1.76000000e+02 -1.00000000e+02 1.00000000e+02
8.90000000e+03 0.00000000e+00 0.00000000e+00 0.00000000e+00 1.78000000e+02 -1.00000000e+02 1.00000000e+02
9.00000000e+03 0.00000000e+00 0.00000000e+00 0.00000000e+00 1.80000000e+02 -1.00000000e+02 1.00000000e+02
9.10000000e+03 0.00000000e+00 0.00000000e+00 0.00000000e+00 1.82000000e+02 -1.00000000e+02 1.00000000e+02
9.20000000e+03 0.00000000e+00 0.00000000e+00 0.00000000e+00 1.84000000e+02 -1.00000000e+02 1.00000000e+02
9.30000000e+03 0.00000000e+00 0.00000000e+00 0.00000000e+00 1.86000000e+02 -1.00000000e+02 1.00000000e+02
9.40000000e+03 0.00000000e+00 0.00000000e+00 0.00000000e+00 1.88000000e+02 -1.00000000e+02 1.00000000e+02
9.50000000e+03 0.00000000e+00 0.00000000e+00 0.00000000e+00 1.90000000e+02 -1.00000000e+02 1.00000000e+02
9.60000000e+03 0.00000000e+00 0.00000000e+00 0.00000000e+00 1.92000000e+02 -1.00000000e+02 1.00000000e+02
9.70000000e+03 0.00000000e+00 0.00000000e+00 0.00000000e+00 1.94000000e+02 -1.00000000e+02 1.00000000e+02
9.80000000e+03 0.00000000e+00 0.00000000e+00 0.00000000e+00 1.96000000e+02 -1.00000000e+02 1.00000000e+02
9.90000000e+03 0.00000000e+00 0.00000000e+00 0.00000000e+00 1.98000000e+02 -1.00000000e+02 1.00000000e+02
1.00000000e+04 0.00000000e+00 0.00000000e+00 0.00000000e+00 2.00000000e+02 -1.00000000e+02 1.00000000e+02
1.01000000e+04 0.00000000e+00 0.00000000e+00 0.00000000e+00 2.02000000e+02 -1.00000000e+02 1.00000000e+02
1.02000000e+04 0.00000000e+00 0.00000000e+00 0.00000000e+00 2.04000000e+02 -1.00000000e+02 1.00000000e+02
1.03000000e+04 0.00000000e+00 0.00000000e+00 0.00000000e+00 2.06000000e+02 -1.00000000e+02 1.00000000e+02
1.04000000e+04 0.00000000e+00 0.00000000e+00 0.00000000e+00 2.08000000e+02 -1.00000000e+02 1.00000000e+02
1.05000000e+04 0.00000000e+00 0.00000000e+00 0.00000000e+00 2.10000000e+02 -1.00000000e+02 1.00000000e+02
1.06000000e+04 0.00000000e+00 0.00000000e+00 0.00000000e+00 2.12000000e+02 -1.00000000e+02 1.00000000e+02
1.07000000e+04 0.00000000e+00 0.00000000e+00 0.00000000e+00 2.14000000e+02 -1.00000000e+02 1.00000000e+02
1.08000000e+04 0.00000000e+00 0.00000000e+00 0.00000000e+00 2.16000000e+02 -1.00000000e+02 1.00000000e+02
1.09000000e+04 0.00000000e+00 0.00000000e+00 0.00000000e+00 2.18000000e+02 -1.00000000e+02 1.00000000e+02
1.10000000e+04 0.00000000e+00 0.00000000e+00 0.00000000e+00 2.20000000e+02 -1.00000000e+02 1.00000000e+02
1.11000000e+04 0.00000000e+00 0.00000000e+00 0.00000000e+00 2.22000000e+02 -1.00000000e+02 1.00000000e+02
1.12000000e+04 0.00000000e+00 0.00000000e+00 0.00000000e+00 2.24000000e+02 -1.00000000e+02 1.00000000e+02
1.13000000e+04 0.00000000e+00 0.00000000e+00 0.00000000e+00 2.26000000e+02 -1.00000000e+02 1.00000000e+02
1.14000000e+04 0.00000000e+00 0.00000000e+00 0.00000000e+00 2.28000000e+02 -1.00000000e+02 1.00000000e+02
1.15000000e+04 0.00000000e+00 0.00000000e+00 0.00000000e+00 2.30000000e+02 -1.00000000e+02 1.00000000e+02
1.16000000e+04 0.00000000e+00 0.00000000e+00 0.00000000e+00 2.32000000e+02 -1.00000000e+02 1.00000000e+02
1.17000000e+04 0.00000000e+00 0.00000000e+00 0.00000000e+00 2.34000000e+02 -1.00000000e+02 1.00000000e+02
1.18000000e+04 0.00000000e+00 0.00000000e+00 0.00000000e+00 2.36000000e+02 -1.00000000e+02 1.00000000e+02
1.19000000e+04 0.00000000e+00 0.00000000e+00 0.00000000e+00 2.38000000e+02 -1.00000000e+02 1.00000000e+02
1.20000000e+04 0.00000000e+00 0.00000000e+00 0.00000000e+00 2.40000000e+02 -1.00000000e+02 1.00000000e+02
1.21000000e+04 0.00000000e+00 0.00000000e+00 0.00000000e+00 2.42000000e+02 -1.00000000e+02 1.00000000e+02
1.22000000e+04 0.00000000e+00 0.00000000e+00 0.00000000e+00 2.44000000e+02 -1.00000000e+02 1.00000000e+02
1.23000000e+04 0.00000000e+00 0.00000000e+00 0.00000000e+00 2.46000000e+02 -1.00000000e+02 1.00000000e+02
1.24000000e+04 0.00000000e+00 0.00000000e+00 0.00000000e+00 2.48000000e+02 -1.00000000e+02 1.00000000e+02
1.25000000e+04 0.00000000e+00 0.00000000e+00 0.00000000e+00 2.50000000e+02 -1.00000000e+02 1.00000000e+02
1.26000000e+04 0.00000000e+00 0.00000000e+00 0.00000000e+00 2.52000000e+02 -1.00000000e+02 1.00000000e+02
1.27000000e+04 0.00000000e+00 0.00000000e+00 0.00000000e+00 2.54000000e+02 -1.00000000e+02 1.00000000e+02
1.28000000e+04 0.00000000e+00 0.00000000e+00 0.00000000e+00 2.56000000e+02 -1.00000000e+02 1.00000000e+02
1.29000000e+04 0.00000000e+00 0.00000000e+00 0.00000000e+00 2.58000000e+02 -1.00000000e+02 1.00000000e+02
1.30000000e+04 0.00000000e+00 0.00000000e+00 0.00000000e+00 2.60000000e+02 -1.00000000e+02 1.00000000e+02
1.31000000e+04 0.00000000e+00 0.00000000e+00 0.00000000e+00 2.62000000e+02 -1.00000000e+02 1.00000000e+02
1.32000000e+04 0.00000000e+00 0.00000000e+00 0.00000000e+00 2.64000000e+02 -1.00000000e+02 1.00000000e+02
1.33000000e+04 0.00000000e+00 0.00000000e+00 0.00000000e+00 2.66000000e+02 -1.00000000e+02 1.00000000e+02
1.34000000e+04 0.00000000e+00 0.00000000e+00 0.00000000e+00 2.68000000e+02 -1.00000000e+02 1.00000000e+02
1.35000000e+04 0.00000000e+00 0.00000000e+00 0.00000000e+00 2.70000000e+02 -1.00000000e+02 1.00000000e+02
1.36000000e+04 0.00000000e+00 0.00000000e+00 0.00000000e+00 2.72000000e+02 -1.00000000e+02 1.00000000e+02
1.37000000e+04 0.00000000e+00 0.00000000e+00 0.00000000e+00 2.74000000e+02 -1.00000000e+02 1.00000000e+02
1.38000000e+04 0.00000000e+00 0.00000000e+00 0.00000000e+00 2.76000000e+02 -1.00000000e+02 1.00000000e+02
1.39000000e+04 0.00000000e+00 0.00000000e+00 0.00000000e+00 2.78000000e+02 -1.00000000e+02 1.00000000e+02
1.40000000e+04 0.00000000e+00 0.00000000e+00 0.00000000e+00 2.80000000e+02 -1.00000000e+02 1.00000000e+02
1.41000000e+04 0.00000000e+00 0.00000000e+00 0.00000000e+00 2.82000000e+02 -1.00000000e+02 1.00000000e+02
1.42000000e+04 0.00000000e+00 0.00000000e+00 0.00000000e+00 2.84000000e+02 -1.00000000e+02 1.00000000e+02
1.43000000e+04 0.00000000e+00 0.00000000e+00 0.00000000e+00 2.86000000e+02 -1.00000000e+02 1.00000000e+02
1.44000000e+04 0.00000000e+00 0.00000000e+00 0.00000000e+00 2.88000000e+02 -1.00000000e+02 1.00000000e+02
1.45000000e+04 0.00000000e+00 0.00000000e+00 0.00000000e+00 2.90000000e+02 -1.00000000e+02 1.00000000e+02
1.46000000e+04 0.00000000e+00 0.00000000e+00 0.00000000e+00 2.92000000e+02 -1.00000000e+02 1.00000000e+02
1.47000000e+04 0.00000000e+00 0.00000000e+00 0.00000000e+00 2.94000000e+02 -1.00000000e+02 1.00000000e+02
1.48000000e+04 0.00000000e+00 0.00000000e+00 0.00000000e+00 2.96000000e+02 -1.00000000e+02 1.00000000e+02
1.49000000e+04 0.00000000e+00 0.00000000e+00 0.00000000e+00 2.98000000e+02 -1.00000000e+02 1.00000000e+02
1.50000000e+04 0.00000000e+00 0.00000000e+00 0.00000000e+00 3.00000000e+02 -1.00000000e+02 1.00000000e+02
1.51000000e+04 0.00000000e+00 0.00000000e+00 0.00000000e+00 3.02000000e+02 -1.00000000e+02 1.00000000e+02
1.52000000e+04 0.00000000e+00 0.00000000e+00 0.00000000e+00 3.04000000e+02 -1.00000000e+02 1.00000000e+02
1.53000000e+04 0.00000000e+00 0.00000000e+00 0.00000000e+00 3.06000000e+02 -1.00000000e+02 1.00000000e+02
1.54000000e+04 0.00000000e+00 0.00000000e+00 0.00000000e+00 3.08000000e+02 -1.00000000e+02 1.00000000e+02
1.55000000e+04 0.00000000e+00 0.00000000e+00 0.00000000e+00 3.10000000e+02 -1.00000000e+02 1.00000000e+02
1.56000000e+04 0.00000000e+00 0.00000000e+00 0.00000000e+00 3.12000000e+02 -1.00000000e+02 1.00000000e+02
1.57000000e+04 0.00000000e+00 0.00000000e+00 0.00000000e+00 3.14000000e+02 -1.00000000e+02 1.00000000e+02
1.58000000e+04 0.00000000e+00 0.00000000e+00 0.00000000e+00 3.16000000e+02 -1.00000000e+02 1.00000000e+02
1.59000000e+04 0.00000000e+00 0.00000000e+00 0.00000000e+00 3.18000000e+02 -1.00000000e+02 1.00000000e+02
1.60000000e+04 0.00000000e+00 0.00000000e+00 0.00000000e+00 3.20000000e+02 -1.00000000e+02 1.00000000e+02
1.61000000e+04 0.00000000e+00 0.00000000e+00 0.00000000e+00 3.22000000e+02 -1.00000000e+02 1.00000000e+02
1.62000000e+04 0.00000000e+00 0.00000000e+00 0.00000000e+00 3.24000000e+02 -1.00000000e+02 1.00000000e+02
1.63000000e+04 0.00000000e+00 0.00000000e+00 0.00000000e+00 3.26000000e+02 -1.00000000e+02 1.00000000e+02
1.64000000e+04 0.00000000e+00 0.00000000e+00 0.00000000e+00 3.28000000e+02 -1.00000000e+02 1.00000000e+02
1.65000000e+04 0.00000000e+00 0.00000000e+00 0.00000000e+00 3.30000000e+02 -1.00000000e+02 1.00000000e+02
1.66000000e+04 0.00000000e+00 0.00000000e+00 0.00000000e+00 3.32000000e+02 -1.00000000e+02 1.00000000e+02
1.67000000e+04 0.00000000e+00 0.00000000e+00 0.00000000e+00 3.34000000e+02 -1.00000000e+02 1.00000000e+02
1.68000000e+04 0.00000000e+00 0.00000000e+00 0.00000000e+00 3.36000000e+02 -1.00000000e+02 1.00000000e+02
1.69000000e+04 0.00000000e+00 0.00000000e+00 0.00000000e+00 3.38000000e+02 -1.00000000e+02 1.00000000e+02
1.70000000e+04 0.00000000e+00 0.00000000e+00 0.00000000e+00 3.40000000e+02 -1.00000000e+02 1.00000000e+02
1.71000000e+04 0.00000000e+00 0.00000000e+00 0.00000000e+00 3.42000000e+02 -1.00000000e+02 1.00000000e+02
1.72000000e+04 0.00000000e+00 0.00000000e+00 0.00000000e+00 3.44000000e+02 -1.00000000e+02 1.00000000e+02
1.73000000e+04 0.00000000e+00 0.00000000e+00 0.00000000e+00 3.46000000e+02 -1.00000000e+02 1.00000000e+02
1.74000000e+04 0.00000000e+00 0.00000000e+00 0.00000000e+00 3.48000000e+02 -1.00000000e+02 1.00000000e+02
1.75000000e+04 0.00000000e+00 0.00000000e+00 0.00000000e+00 3.50000000e+02 -1.00000000e+02 1.00000000e+02
1.76000000e+04 0.00000000e+00 0.00000000e+00 0.00000000e+00 3.52038400e+02 -1.00000000e+02 1.00000000e+02
1.77000000e+04 0.00000000e+00 0.00000000e+00 0.00000000e+00 3.54147200e+02 -1.00000000e+02 1.00000000e+02
1.78000000e+04 0.00000000e+00 0.00000000e+00 0.00000000e+00 3.56316800e+02 -1.00000000e+02 1.00000000e+02
1.79000000e+04 0.00000000e+00 0.00000000e+00 0.00000000e+00 3.58537600e+02 -1.00000000e+02 1.00000000e+02
1.80000000e+04 0.00000000e+00 0.00000000e+00 0.00000000e+00 3.60800000e+02 -1.00000000e+02 1.00000000e+02
1.81000000e+04 0.00000000e+00 0.00000000e+00 0.00000000e+00 3.63094400e+02 -1.00000000e+02 1.00000000e+02
1.82000000e+04 0.00000000e+00 0.00000000e+00 0.00000000e+00 3.65411200e+02 -1.00000000e+02 1.00000000e+02
1.83000000e+04 0.00000000e+00 0.00000000e+00 0.00000000e+00 3.67740800e+02 -1.00000000e+02 1.00000000e+02
1.84000000e+04 0.00000000e+00 0.00000000e+00 0.00000000e+00 3.70073600e+02 -1.00000000e+02 1.00000000e+02
1.85000000e+04 0.00000000e+00 0.00000000e+00 0.00000000e+00 3.72400000e+02 -1.00000000e+02 1.00000000e+02
1.86000000e+04 0.00000000e+00 0.00000000e+00 0.00000000e+00 3.74710400e+02 -1.00000000e+02 1.00000000e+02
1.87000000e+04 0.00000000e+00 0.00000000e+00 0.00000000e+00 3.76995200e+02 -1.00000000e+02 1.00000000e+02
1.88000000e+04 0.00000000e+00 0.00000000e+00 0.00000000e+00 3.79244800e+02 -1.00000000e+02 1.00000000e+02
1.89000000e+04 0.00000000e+00 0.00000000e+00 0.00000000e+00 3.81449600e+02 -1.00000000e+02 1.00000000e+02
1.90000000e+04 0.00000000e+00 0.00000000e+00 0.00000000e+00 3.83600000e+02 -1.00000000e+02 1.00000000e+02
1.91000000e+04 0.00000000e+00 0.00000000e+00 0.00000000e+00 3.85686400e+02 -1.00000000e+02 1.00000000e+02
1.92000000e+04 0.00000000e+00 0.00000000e+00 0.00000000e+00 3.87699200e+02 -1.00000000e+02 1.00000000e+02
1.93000000e+04 0.00000000e+00 0.00000000e+00 0.00000000e+00 3.89628800e+02 -1.00000000e+02 1.00000000e+02
1.94000000e+04 0.00000000e+00 0.00000000e+00 0.00000000e+00 3.91465600e+02 -1.00000000e+02 1.00000000e+02
1.95000000e+04 0.00000000e+00 0.00000000e+00 0.00000000e+00 3.93200000e+02 -1.00000000e+02 1.00000000e+02
1.96000000e+04 0.00000000e+00 0.00000000e+00 0.00000000e+00 3.94822400e+02 -1.00000000e+02 1.00000000e+02
1.97000000e+04 0.00000000e+00 0.00000000e+00 0.00000000e+00 3.96323200e+02 -1.00000000e+02 1.00000000e+02
1.98000000e+04 0.00000000e+00 0.00000000e+00 0.00000000e+00 3.97692800e+02 -1.00000000e+02 1.00000000e+02
1.99000000e+04 0.00000000e+00 0.00000000e+00 0.00000000e+00 3.98921600e+02 -1.00000000e+02 1.00000000e+02
2.00000000e+04 0.00000000e+00 0.00000000e+00 0.00000000e+00 4.00000000e+02 -1.00000000e+02 1.00000000e+02
